gene	nsnps	PP.H0.abf	PP.H1.abf	PP.H2.abf	PP.H3.abf	PP.H4.abf
ENSG00000055950_MRPL43	729	0.00311760293990199	0.000334287902612827	0.887804382523002	0.0951820969211538	0.0135616297133294
ENSG00000067057_PFKP	1576	0.649182112413599	0.0722271666196308	0.242527902168689	0.0269742538051788	0.00908856499290283
ENSG00000078114_NEBL	1080	0.846003939430949	0.0355922201705115	0.109519544725518	0.00460331428757606	0.00428098138544532
ENSG00000089876_DHX32	1131	0.220335976307337	0.228232332362934	0.259620876978868	0.268902208735853	0.0229086056150065
ENSG00000095787_WAC	1230	0.842549308619027	0.0406876459236766	0.107463027801723	0.00518539485795823	0.00411462279761496
ENSG00000107951_PAPD1	1152	0.716995079308501	0.10792548823144	0.141932018142318	0.0213524832847349	0.0117949310330051
ENSG00000119979_FAM45A	939	0.669192096628485	0.0179646315253656	0.30001648301093	0.00804924101573159	0.00477754781948758
ENSG00000120616_EPC1	814	0.499241660109137	0.371763185378206	0.0525550159693826	0.0390980540683803	0.0373420844748933
ENSG00000127884_ECHS1	497	0.895338187134114	0.0411389197573225	0.0563967318190219	0.00258677265212831	0.004539388637413
ENSG00000134463_ECHDC3	1180	2.08239988520041e-16	0.794498560338748	3.38792945282343e-17	0.129183440990337	0.0763179986709134
ENSG00000138185_ENTPD1	1042	0.207133255843199	0.00620516339922908	0.754412422223919	0.022590538201038	0.0096586203326145
ENSG00000148484_RSU1	1153	0.475703073712189	0.334495288798267	0.0923274342515089	0.0648883564186208	0.0325858468194139
ENSG00000151640_DPYSL4	909	0.656807673715587	0.0365425377521615	0.284686533710601	0.0158328569068474	0.00613039791480326
ENSG00000151893_C10orf46	996	0.853243552570052	0.0312320854587078	0.107946128355378	0.00394762421764018	0.00363060939822169
ENSG00000156398_SFXN2	652	0.0121075561038713	0.642211221780852	0.00447085537176542	0.23703976381906	0.104170602924451
ENSG00000165730_STOX1	1046	0.640297709250722	0.0182259028709673	0.325732419863876	0.00926540756469561	0.00647856044973903
ENSG00000165983_PTER	1150	2.29048907937464e-07	1.63643730847638e-07	0.579837150761674	0.414258086185803	0.00590437035988376
ENSG00000166169_POLL	685	0.0142224776860859	0.616301400372745	0.00562864259544855	0.243785422651245	0.120062056694476
ENSG00000173915_USMG5	801	6.18747711665772e-11	3.28216772467406e-09	0.0184898065258141	0.980797196563402	0.000712993566739662
ENSG00000183605_SFXN4	957	0.351558316394425	0.520134722882303	0.0350943556081782	0.0518811863478534	0.041331418767241
ENSG00000188690_UROS	1115	0.0206011184141637	0.0213454334656393	0.466402575070495	0.483245218455708	0.00840565459399453
ENSG00000197771_C10orf119	1032	0.269215543313094	0.400959233383351	0.119369193175361	0.177751161531416	0.0327048685967784
ENSG00000205703_C10orf139	1196	0.811624812740472	0.0774993905842335	0.0940931476510243	0.00897684015887493	0.00780580886539576
ENSG00000014138_POLA2	664	0.806134210640952	0.0595964471969065	0.118164953848621	0.00872840441048691	0.00737598390303373
ENSG00000066336_SPI1	553	0.419220831524356	0.0118991898148298	0.509420259798442	0.0144143705753452	0.0450453482870269
ENSG00000074319_TSG101	1100	0.025589071560312	0.001086649442672	0.921942327449614	0.0391383803166893	0.0122435712307131
ENSG00000078124_PHCA	835	1.93027650240594e-06	0.00586584785142874	0.000326850660773487	0.9932541684431	0.000551202768195581
ENSG00000099834_MUPCDH	605	0.884593888911733	0.0212868744528798	0.0893330052362415	0.00214707099563406	0.00263916040351192
ENSG00000110074_FOXRED1	1310	0.0407041321924731	0.00216703644593441	0.895953716498359	0.0476859519734911	0.0134891628897425
ENSG00000110076_NRXN2	650	0.8831761501327	0.0561575844656918	0.0524771806411058	0.00333195365565776	0.00485713110484444
ENSG00000110080_ST3GAL4	1310	0.832104946465468	0.0454402955153772	0.111883308768347	0.0061053529057739	0.00446609634503424
ENSG00000110315_RNF141	1317	0.80020038267892	0.0607026162802291	0.122808323980221	0.00930917020758744	0.00697950685304292
ENSG00000110455_ILMN_3829	1168	0.732143672058033	0.0441894208438351	0.204996176860193	0.0123664890730061	0.00630424116493343
ENSG00000110768_GTF2H1	1080	0.273400203572825	0.16727197616237	0.330527215781628	0.202196876125461	0.026603728357716
ENSG00000120451_SNX19	1208	0.00451353757238818	0.706434568861786	0.00139707472808874	0.218593543694124	0.0690612751436133
ENSG00000131626_PPFIA1	899	0.0326806901726143	0.00369302435620791	0.857397423855812	0.0968793499780324	0.00934951163733365
ENSG00000134627_PIWIL4	953	3.84783331165881e-07	0.830889222429712	3.99883930667444e-08	0.0862668554898267	0.0828434973087369
ENSG00000134809_TIMM10	908	0.0548196729705544	0.00574894553200968	0.837618672518187	0.0878271828713732	0.0139855261078752
ENSG00000149084_HSD17B12	1131	0.000110058084570961	6.60395285876612e-06	0.921567828307141	0.0552749461134101	0.023040563542018
ENSG00000149089_APIP	1312	0.000110437613031795	3.46668764006335e-05	0.754919460975525	0.23696473205357	0.00797070248147386
ENSG00000159063_ALG8	857	0.562843607987559	0.0300289698679349	0.380202680017583	0.0202780196749827	0.00664672245194014
ENSG00000165434_PGM2L1	779	0.0741710348948765	0.788090368117732	0.00577097158570575	0.0612476521894766	0.0707199732122086
ENSG00000165526_RPUSD4	1306	0.779661594349382	0.041209879468601	0.16186199601026	0.00854667571006692	0.00871985446168979
ENSG00000166435_XRRA1	876	0.000472475683124779	0.00500531384709752	0.0853914717501619	0.904615831156349	0.0045149075632674
ENSG00000166439_RNF169	870	0.00350492289562039	0.0371482675625018	0.0821662492376411	0.870864142701818	0.00631641760241854
ENSG00000166788_SAAL1	997	0.343719518651942	0.41359982428998	0.0923977838445922	0.111143686020953	0.0391391871925327
ENSG00000166796_LDHC	1092	0.470753496775157	0.0202547237593326	0.478992819207876	0.0205998311840755	0.00939912907355838
ENSG00000168000_BSCL2	758	0.895677550853272	0.0228606996893322	0.0767162476293256	0.001955266094556	0.00279023573351451
ENSG00000168002_POLR2G	731	0.907435281402633	0.022564651784654	0.0660062478559334	0.00163898315160314	0.00235483580517625
ENSG00000168071_CCDC88B	657	0.631540494477428	0.0318322020849908	0.229981977639234	0.0114968758971291	0.0951484499012178
ENSG00000172890_NADSYN1	715	0.634755382538274	0.0142437534533351	0.336365753785956	0.00754086990283361	0.00709424031960134
ENSG00000173113_ILMN_22312	654	0.866519687002671	0.0436313824376699	0.0810364774606813	0.00407564774045469	0.00473680535852306
ENSG00000173715_C11orf80	530	0.873730979233194	0.0544585537421237	0.0614498113628495	0.00382355240264805	0.00653710325918522
ENSG00000173992_CCS	550	0.565933628645334	0.0412130163657383	0.2807010400377	0.0203497049651069	0.0918026099861203
ENSG00000175390_EIF3F	1201	0.738931301099312	0.142520986904386	0.0884127291856076	0.0170394632226074	0.0130955195880876
ENSG00000175567_UCP2	712	0.0643060712286275	0.682197048349694	0.0150236177486978	0.159300299112368	0.0791729635606129
ENSG00000175575_PAAF1	711	0.0613968606611906	0.65140977615635	0.0179615254262718	0.190489849489411	0.0787419882667769
ENSG00000175581_MRPL48	699	0.0715834643613901	0.759495226597937	0.00857435993873904	0.0909038774109281	0.0694430716910057
ENSG00000176148_TCP11L1	905	0.393195925277372	0.0139690620012801	0.557703251219396	0.019798176153094	0.0153335853488588
ENSG00000177042_TMEM80	689	0.878946770075722	0.0252983982026888	0.0891109341879273	0.00256076376487282	0.00408313376878868
ENSG00000177685_EFCAB4A	735	0.89352613591477	0.027003134939436	0.0744575461998648	0.00224740585917529	0.0027657770867542
ENSG00000177697_CD151	737	0.00147171434011509	4.45208048668836e-05	0.958851710876302	0.0289955699193266	0.0106364840593887
ENSG00000179057_IGSF22	1050	0.829470024998318	0.0353149100414561	0.125622902289509	0.00534418096665925	0.00424798170405685
ENSG00000182919_C11orf54	943	2.19845632462729e-07	0.474727858288839	2.2164572098391e-07	0.478568210269665	0.046703489950143
ENSG00000184524_CEND1	725	0.790990288291251	0.02353488217709	0.1749938933152	0.00520143507152123	0.00527950114493811
ENSG00000185187_SIGIRR	531	0.894988065559626	0.0184640871343286	0.082476361757752	0.00169915955875724	0.00237232598953579
ENSG00000196655_TRAPPC4	931	0.000717558874099042	5.6226158287657e-05	0.915769998971824	0.0717457867962757	0.0117104291995137
ENSG00000197345_MRPL21	801	0.00203085959723784	0.000510575044631964	0.786585858144149	0.19774111502094	0.0131315921930415
ENSG00000202477_SNORD25	719	0.880205540924149	0.0218846995118649	0.0928008470788693	0.00230451879202018	0.00280439369309626
ENSG00000205339_IPO7	796	0.605528407657084	0.0763733805180863	0.271694488384074	0.0342558175332543	0.0121479059075022
ENSG00000213931_HBE1	1629	0.426552422038916	0.401535582745623	0.0683575740780568	0.0643092309274698	0.0392451902099341
ENSG00000010626_LRRC23	845	0.00173956141522959	7.14862839788316e-05	0.944318904472511	0.0387911677869046	0.0150788800413756
ENSG00000076067_RBMS2	584	0.0930326194894605	0.494029945233977	0.0579841596635066	0.307865463508086	0.0470878121049697
ENSG00000089127_OAS1	782	0.00469962779841389	0.000140969989696864	0.955650392616143	0.0286548256910778	0.010854183904668
ENSG00000089163_SIRT4	862	0.832313831568341	0.0521218373489139	0.101135004447069	0.006325254875476	0.00810407176020097
ENSG00000110906_KCTD10	720	1.77044459831622e-05	3.43885481592121e-07	0.96870862332212	0.0188034157564892	0.0124699125899266
ENSG00000110931_CAMKK2	772	0.509864863973281	0.0371181772322374	0.4094844129368	0.0297967416128132	0.0137358042448686
ENSG00000111321_LTBR	1034	0.831137078706564	0.0525027158608593	0.104620767773087	0.00660373133168653	0.00513570632780292
ENSG00000111358_GTF2H3	804	0.898665369844501	0.0231259758262104	0.0738874517999719	0.00189897453382933	0.00242222799548725
ENSG00000111364_DDX55	794	0.781588711970198	0.019303362270001	0.189292052006246	0.00466991267109462	0.00514596108246018
ENSG00000111371_SLC38A1	719	0.02847619735204	0.00065872205650996	0.921834210833512	0.0212964796407983	0.0277343901171398
ENSG00000111581_NUP107	1143	4.3238696904363e-11	0.730383379758888	1.17041878633333e-11	0.197633889577762	0.071982730608406
ENSG00000111666_CHPT1	989	0.203986380579156	0.0077354247826674	0.751480447245435	0.0284887919726324	0.00830895542010917
ENSG00000111711_GOLT1B	1006	0.862654702928069	0.0356678954347509	0.094186729494804	0.0038907072330449	0.00359996490933156
ENSG00000111725_PRKAB1	947	0.810433562473267	0.0948765205027866	0.0770461091358945	0.00901106620906968	0.00863274167898179
ENSG00000111780_ILMN_16367	837	0.767733920448586	0.049665945315295	0.165143681645165	0.0106766312450335	0.00677982134592039
ENSG00000123297_TSFM	809	0.0493512632743206	0.325035104393444	0.0747323714460861	0.492140293929635	0.0587409669565148
ENSG00000123427_FAM119B	808	0.000431461829456429	0.00284245542007178	0.129056115872052	0.850199700777931	0.0174702661004887
ENSG00000127337_YEATS4	1055	0.0110142592069689	0.359195116200419	0.017891939021315	0.583460382419877	0.0284383031514205
ENSG00000134545_KLRC1	928	0.703179894347684	0.193520599966226	0.0661457116238424	0.0181848476039474	0.0189689464583006
ENSG00000135426_KIAA0748	772	0.8522581153306	0.022225977470265	0.118603917844851	0.00308924020735217	0.0038227491469314
ENSG00000136026_CKAP4	1086	0.881214232541069	0.0213848387205344	0.0930417927458189	0.00225578543364883	0.0021033505589286
ENSG00000136048_ILMN_20048	955	0.879627458295915	0.030137348941567	0.0844240383748041	0.00288957191527121	0.00292158247244313
ENSG00000139187_KLRG1	799	0.667687482231962	0.0218438277579517	0.289163876466005	0.0094483267267878	0.0118564868172936
ENSG00000139190_VAMP1	999	0.458765134923977	0.0286234097480279	0.473503609924361	0.0295334025889542	0.00957444281467971
ENSG00000139192_TAPBPL	1003	0.080703266619628	0.00504174876448611	0.850317888296481	0.0531108048681052	0.010826291451299
ENSG00000139197_PEX5	782	0.37269333543019	0.0147640562363036	0.556930452411701	0.022028932355429	0.0335832235663757
ENSG00000150045_KLRF1	1001	0.695394793832158	0.195069790125628	0.0707383085462641	0.0198242976954604	0.0189728098004898
ENSG00000155957_TMBIM4	925	0.877824756423162	0.020669952365648	0.0967441588580553	0.00227552847651771	0.00248560387661722
ENSG00000157895_C12orf43	773	0.634905698346352	0.0459272498916876	0.116817924629809	0.00825617932140234	0.19409294781075
ENSG00000165714_LOH12CR1	1129	0.467634402100661	0.125965639699213	0.103429704723105	0.0275852447071383	0.275385008769883
ENSG00000166888_STAT6	631	0.109694839485262	0.721421917512882	0.0142764868888458	0.0938303363712333	0.0607764197417768
ENSG00000166896_XRCC6BP1	814	0.0934753511890175	0.615248636862106	0.0310324879570201	0.204197756664383	0.0560457673274731
ENSG00000171840_NINJ2	684	0.743353833172399	0.179751301537646	0.0474451838476204	0.0114547831620769	0.0179948982802576
ENSG00000176422_SPRYD4	594	0.00128861334788822	0.00659275810829647	0.161769190665032	0.827635106724507	0.00271433115427676
ENSG00000177627_C12orf54	884	0.720382858094968	0.0773315341036997	0.174476975445894	0.0187206361016867	0.00908799625375088
ENSG00000184752_NDUFA12	1297	0.632332144366929	0.0667677358202115	0.263401528722122	0.0278027819227141	0.00969580916802341
ENSG00000185163_DDX51	737	0.871880092489098	0.0251203332754671	0.0973858366237982	0.00280303920386028	0.00281069840777607
ENSG00000185480_C12orf48	885	0.792308868235332	0.0252455975376303	0.17235506884971	0.00548720287042398	0.00460326250690389
ENSG00000186081_KRT5	1166	0.810921270141281	0.0702855541455736	0.102345214103346	0.00886305439189406	0.00758490721790546
ENSG00000186611_ILMN_34849	939	0.677876694591542	0.19528854756469	0.0833396418077721	0.0239896952687595	0.0195054207672364
ENSG00000032742_IFT88	894	0.728455440073461	0.0383997939254162	0.216287868934036	0.0113959359380373	0.00546096112904991
ENSG00000102796_DHRS12	806	0.427650188664862	0.0142231642353577	0.532772162627203	0.017711760119198	0.00764272435337902
ENSG00000122034_GTF3A	1190	0.00103339316136432	0.75924103673312	0.000209229565252626	0.153636515461433	0.0858798250788303
ENSG00000136111_TBC1D4	1169	0.11378064908989	0.00671981703747621	0.820516307162784	0.0484486674623857	0.010534559247464
ENSG00000139617_ILMN_28859	1054	0.00777118280495069	0.000472361233958184	0.918197438264606	0.0557936710642587	0.0177653466322265
ENSG00000151287_C13orf27	1345	0.752629966629946	0.0590508177359406	0.168181933836503	0.0131884874250045	0.00694879437260614
ENSG00000169062_UPF3A	358	0.939240480812011	0.0180050409346113	0.039910987456665	0.00076300468384995	0.00208048611286285
ENSG00000174032_SLC25A30	917	0.734340696552401	0.152204171962558	0.0837776155145668	0.0173519614286763	0.0123255545417985
ENSG00000089916_C14orf118	1030	0.29516867813126	0.0951962662871156	0.449656110211482	0.145005775902985	0.0149731694671579
ENSG00000092020_PPP2R3C	814	0.00108683692864813	0.704973401562149	0.00034840113602295	0.225921646158336	0.0676697142148444
ENSG00000092094_OSGEP	925	0.229430136696052	0.00977975443559746	0.718101425106437	0.0305979053560487	0.0120907784058648
ENSG00000092203_TOX4	1299	0.694315257775848	0.0396261163513639	0.246357233830032	0.0140545085032526	0.00564688353950323
ENSG00000100439_ABHD4	1270	0.807328618906232	0.045467838922831	0.134319194862865	0.00755938087112287	0.00532496643694991
ENSG00000100445_C14orf124	1117	0.589242643114511	0.0462091994642231	0.325910125216849	0.025545216922713	0.0130928152817035
ENSG00000100490_CDKL1	891	0.254826236565249	0.00551614770212675	0.715975760129374	0.0154903226595101	0.00819153294374072
ENSG00000100744_C14orf129	1308	0.261375214412863	0.110047751000657	0.430770589313893	0.181352443802057	0.0164540014705292
ENSG00000100814_CCNB1IP1	878	0.701039717031338	0.0289978208360008	0.253890892899541	0.0104963727607274	0.00557519647239267
ENSG00000100908_C14orf122	1091	0.770529594021798	0.0594312302124622	0.151559841024843	0.0116830698645962	0.00679626487630038
ENSG00000100931_CHMP4A	1098	0.827161406310667	0.063698453150184	0.0954242364761499	0.00734210282036268	0.00637380124263657
ENSG00000119599_WDR21A	1085	0.720866687486496	0.0441920516470444	0.212098834494657	0.0129926690314633	0.00984975734033972
ENSG00000119632_FAM14A	1342	0.8346965728456	0.0444595967178959	0.110727432639353	0.00589360542557682	0.00422279237157503
ENSG00000119684_MLH3	827	0.00421361923558394	0.000131731256812408	0.954736565723553	0.0298370473054017	0.0110810364786488
ENSG00000119718_EIF2B2	827	0.0222626049854729	0.000698018739936223	0.936721089451238	0.0293588683693138	0.0109594184540393
ENSG00000125375_ATP5S	895	0.876457891848517	0.0190341007305826	0.100135974285147	0.00217246077244643	0.00219957236330743
ENSG00000129514_FOXA1	961	0.884119990741202	0.0319591745989202	0.0781996937065396	0.00282386571046247	0.00289727524287563
ENSG00000134007_ADAM20	893	0.875967504154554	0.0380583001362373	0.078898978612851	0.00342428560068035	0.00365093149567702
ENSG00000139998_RAB15	888	0.811649088499217	0.0448591145190455	0.121278868313335	0.00668744840278008	0.0155254802656229
ENSG00000140092_FBLN5	970	0.810223983869912	0.0304697280117188	0.148643335478923	0.00558488482264812	0.00507806781679813
ENSG00000140104_C14orf79	473	0.901536448375182	0.0398083963984979	0.0518105945434933	0.00228319603989287	0.00456136464293421
ENSG00000155465_SLC7A7	1278	0.780254778629	0.0714230270164111	0.129312742464898	0.0118298610163822	0.0071795908733094
ENSG00000157326_DHRS4	1074	0.823208986561166	0.0635698169763495	0.0988114775339696	0.00762363054279909	0.00678608838571553
ENSG00000165501_PPIL5	765	0.871953882476456	0.0134762506190903	0.11008855111097	0.00169866157910954	0.0027826542143741
ENSG00000165819_METTL3	1300	0.784862585060652	0.0447720842641204	0.154615699449933	0.00881303680741447	0.00693659441787989
ENSG00000166166_C14orf172	664	0.83423137159595	0.0222642925250136	0.136612207550365	0.0036427105100254	0.00324941781864598
ENSG00000177465_ACOT4	860	0.824775550212916	0.0461525289928771	0.112444955235667	0.00628181403685046	0.0103451515216893
ENSG00000182512_GLRX5	1457	0.409269093682279	0.17008553133659	0.284469694009767	0.118202972390121	0.0179727085812423
ENSG00000183648_NDUFB1	1005	0.78313251373133	0.0300840464914545	0.175942728989228	0.00675475644581032	0.00408595434217759
ENSG00000184990_SIVA1	551	0.717417145535316	0.0335285111516188	0.23106623841867	0.0107916909555596	0.00719641393883531
ENSG00000187630_DHRS4L2	1092	0.828638165835074	0.0644419529465603	0.0931929877011268	0.00724099361044524	0.00648589990679407
ENSG00000197195_CHURC1	886	3.94634299064386e-08	2.17335294251357e-09	0.934394322188237	0.0514453467633303	0.0141602894116496
ENSG00000198805_NP	926	0.859104726578521	0.0366348902069671	0.0955769319805717	0.00407108446168301	0.00461236677225697
ENSG00000198894_KIAA1737	1191	0.421159796681741	0.13190549165553	0.320800851407873	0.100447802537027	0.0256860577178287
ENSG00000205659_LIN52	755	0.00204534339776346	0.000109676772332831	0.936452151948366	0.0502038749733441	0.0111889529081936
ENSG00000051180_RAD51	697	8.65299498553359e-07	0.00426911807486821	0.000201699664824557	0.995122885680019	0.000405431280789773
ENSG00000064726_BTBD1	558	0.897370356592782	0.0217113803223126	0.0758990045328042	0.00183314839921673	0.00318611015288411
ENSG00000074696_PTPLAD1	708	0.257246489868844	0.00991307822017912	0.692796864348918	0.0266837955924715	0.013359771969587
ENSG00000103657_HERC1	840	0.810328973657956	0.0847373691664007	0.0866985214780444	0.00905702198462783	0.00917811371297122
ENSG00000103671_TRIP4	632	0.870758285123223	0.0155488852949773	0.108982498067749	0.00194330272508736	0.00276702878896347
ENSG00000103811_CTSH	1067	0.570016793051306	0.0158646653521488	0.397840915782046	0.0110674688750035	0.00521015693949521
ENSG00000103932_RPAP1	701	0.0964779814062286	0.460053384764686	0.0668185626968373	0.318564936260627	0.0580851348716216
ENSG00000104047_DTWD1	792	0.436921849515603	0.0160071923472861	0.521183152434414	0.0190874128593246	0.00680039284337245
ENSG00000104055_TGM5	487	0.419442108571624	0.00758929461403226	0.552406595692646	0.0099845477755511	0.0105774533461461
ENSG00000136371_MTHFS	1188	0.798847307925033	0.0287812162445751	0.162208924048014	0.00583981051612952	0.00432274126624784
ENSG00000137806_NDUFAF1	709	0.013992320115693	0.0667029716359211	0.018355188462183	0.0866869956833781	0.814262524102825
ENSG00000140264_SERF2	442	0.896372841431478	0.00969258082980373	0.0910983776323036	0.000983204055940301	0.00185299605047444
ENSG00000140400_MAN2C1	537	0.661132410851768	0.0165900697185091	0.308546719415769	0.00773649646305674	0.00599430355089754
ENSG00000140471_LINS1	1252	0.778365259028963	0.0369001676461175	0.171861469177077	0.0081427517596137	0.00473035238822907
ENSG00000166140_ZFYVE19	667	0.000104846223091984	0.517278564206295	8.78348113738267e-05	0.43330033606607	0.0492284186931692
ENSG00000166762_CATSPER2	435	0.741284816900516	0.00770088685001888	0.244378034823097	0.00253463591760107	0.00410162550876704
ENSG00000166938_DIS3L	1009	0.150440483371073	0.235944455325471	0.195940125407299	0.307193677367427	0.11048125852873
ENSG00000168803_ADAL	486	0.886739331537244	0.0159996266660633	0.0929034152163533	0.00167359207799068	0.00268403450234871
ENSG00000168970_PLA2G4B	686	0.071808799380617	0.342764147848436	0.0956157772654143	0.456368289084482	0.0334429864210502
ENSG00000169118_CSNK1G1	630	0.900342844679226	0.016420525778184	0.0796739114134921	0.00145098752369045	0.00211173060540747
ENSG00000171763_SPATA5L1	684	0.717858227742884	0.0327992954258879	0.232572287753102	0.010620192195884	0.00614999688224161
ENSG00000172345_STARD5	938	0.882859645061062	0.0294139992536827	0.0822205963500083	0.00273655246584022	0.00276920686940691
ENSG00000188659_ILMN_4387	569	0.932438168676246	0.0144378858708667	0.0509572210548996	0.000787643254709443	0.00137908114327871
ENSG00000047578_KIAA0556	973	0.830337420103949	0.07567339003179	0.0795700375138589	0.00724449718069263	0.00717465516970973
ENSG00000063854_HAGH	757	0.597605896754123	0.0191601443722355	0.359971716579	0.011529502205946	0.0117327400886948
ENSG00000070761_C16orf80	992	0.799415448790722	0.0917068173938571	0.0901986357679602	0.0103390078777238	0.00834009016973732
ENSG00000086504_MRPL28	551	0.890361964233795	0.0186335176787299	0.0859699704766885	0.00179594310930387	0.00323860450148293
ENSG00000090857_ILMN_138245	477	0.508079963044902	0.41083679962978	0.0244363345218582	0.0197224563594385	0.0369244464440214
ENSG00000090857_ILMN_8209	477	0.503122783555034	0.406828391692174	0.0303630063142934	0.0245165573343426	0.0351692611041552
ENSG00000103042_ILMN_16502	945	0.745603832268582	0.0853878180962423	0.142275775665027	0.0162832142807235	0.0104493596894247
ENSG00000103111_MON1B	1564	0.294346140740928	0.0183186388651449	0.619213167870481	0.0385071308777342	0.0296149216457117
ENSG00000103126_AXIN1	518	0.896144836345531	0.0178651976194854	0.0819346368911472	0.00163099296487965	0.00242433617895642
ENSG00000103174_NAGPA	1198	0.796785660481299	0.0268339490509365	0.162412013689754	0.00546116413909993	0.00850721263891036
ENSG00000103202_DECR2	559	0.823054571759303	0.0173766421557347	0.152255841084717	0.00321038084609444	0.00410256415415079
ENSG00000103248_MTHFSD	1648	8.67772503132169e-07	0.782054873906988	1.5272378314129e-07	0.137557506438538	0.0803865991581873
ENSG00000103275_UBE2I	878	0.799224619728785	0.0279002994577627	0.163016017291952	0.00568658777686207	0.00417247574463874
ENSG00000103540_ILMN_12815	813	0.552656187279156	0.15570993965545	0.213766922763015	0.0602108103278173	0.0176561399745619
ENSG00000118894_FAM86B1	1249	0.768118560990652	0.0282677021212585	0.191504886367812	0.0070425476431119	0.00506630287716547
ENSG00000125124_BBS2	1057	0.000273186077959468	3.2165945414898e-05	0.805296154029693	0.09471888628276	0.0996796076641714
ENSG00000125170_DOK4	1078	0.762555985509191	0.0885363451949071	0.124781372560914	0.0144780574306871	0.00964823930430062
ENSG00000127561_SYNGR3	775	0.370003599422907	0.0212688889761257	0.559221649545977	0.0321283183246079	0.0173775437303827
ENSG00000127586_CHTF18	741	0.859025087779504	0.0219101920141645	0.113411649060528	0.00288990090081533	0.0027631702449875
ENSG00000129925_TMEM8	552	0.486584829906229	0.0101948277377065	0.477913289802813	0.00999783415073872	0.0153092184025133
ENSG00000130731_C16orf13	675	0.897731526864038	0.0218743005788152	0.0761453520598315	0.00185297657956707	0.00239584391774816
ENSG00000131148_COX4NB	1662	8.80602476316135e-07	0.793617513372402	1.52017002497616e-07	0.136931476953309	0.0694499770548105
ENSG00000132603_NIP7	564	0.00200463161547754	0.28387682763357	0.00472514802581736	0.669090135128971	0.0403032575961649
ENSG00000135698_MPHOSPH6	1869	0.494048830198927	0.0618204085978883	0.377081251151081	0.0471643516940529	0.019885158358051
ENSG00000140829_DHX38	710	0.207410726316606	0.00938484082742057	0.600661731167136	0.0270229914412035	0.155519710247634
ENSG00000141076_CIRH1A	615	0.00601537229810035	0.851956494757278	0.000486527522896152	0.0688341302845883	0.0727074751371368
ENSG00000153406_NMRAL1	828	0.878616304059656	0.0266764985842932	0.0891306750816432	0.00270330730620628	0.002873214968201
ENSG00000155393_HEATR3	905	3.35031386954655e-10	0.649848926001278	1.48262252638329e-10	0.287516587626182	0.0626344858892465
ENSG00000159461_AMFR	1098	0.000353539351770539	4.17605312035104e-05	0.879115911868129	0.10382565961483	0.0166631286340671
ENSG00000161981_C16orf33	436	0.940139523763696	0.0168200272533103	0.0406175900370184	0.000724991048074271	0.00169786789790124
ENSG00000162076_FLYWCH2	684	0.818139267175509	0.0504033739283263	0.117799576778754	0.00725091025640294	0.0064068718610074
ENSG00000166451_CENPN	1546	0.0468248021703825	0.0084461039337733	0.785884827791917	0.141738216511161	0.0171060495927664
ENSG00000166501_PRKCB1	981	0.403080799349158	0.161481936697495	0.070142411661598	0.0277628699669536	0.337531982324795
ENSG00000167515_TRAPPC2L	803	0.844183652500633	0.0312947315709234	0.1155236285297	0.00427785621844089	0.00472013118030178
ENSG00000167526_RPL13	672	0.729681103917859	0.0187137076254541	0.239086082230177	0.00612530814149882	0.0063937980850103
ENSG00000168748_CA7	752	0.4552400991756	0.436927574989813	0.0338760046028762	0.032471821266118	0.0414844999655929
ENSG00000168807_SNTB2	607	0.00476189030311529	0.674425301302138	0.0018397087262307	0.260499000562711	0.0584740991058057
ENSG00000169682_SPNS1	377	0.104697518761599	0.0166675720675803	0.71820120177715	0.114289615066409	0.0461440923272617
ENSG00000171490_RSL1D1	1260	0.611088900916333	0.250679931869664	0.0815980229921335	0.0334498298817675	0.0231833143401027
ENSG00000174177_ILMN_138331	813	0.488055097097165	0.0219067790703001	0.442111590681472	0.0198164546008958	0.028110078550167
ENSG00000175643_C16orf75	1043	0.220437366430538	0.0895448149517119	0.136427647359494	0.0549201940516957	0.498669977206561
ENSG00000178952_TUFM	424	0.814231512663169	0.0221076143000492	0.135901307200447	0.00366583184089799	0.024093733995437
ENSG00000180185_FAHD1	757	0.000311045979001765	9.57420979727956e-06	0.940726711510608	0.0289261906282763	0.0300264776723164
ENSG00000182108_ILMN_32084	1197	0.464341882656502	0.19282983754727	0.227294381928416	0.094368637554623	0.0211652603131892
ENSG00000186153_WWOX	2043	0.616526268902075	0.141717799800982	0.184142872811567	0.0423126978126415	0.0153003606727348
ENSG00000187741_FANCA	569	4.07015785337219e-07	7.68402698734162e-09	0.970887394813559	0.0183185321618917	0.0107936583247358
ENSG00000197912_SPG7	687	0.0153315229609357	0.000449750452198384	0.772029463645374	0.0224577642047031	0.189731498736789
ENSG00000002919_SNX11	796	0.294733901630406	0.0204385754117017	0.532990253818518	0.0368456750822599	0.114991594057114
ENSG00000005156_LIG3	1074	0.557929175236452	0.0267238426591707	0.38294530962598	0.0183283447707454	0.0140733277076525
ENSG00000006282_SPATA20	845	0.0280752460647243	0.00114025945217798	0.919803471462963	0.0373436345679125	0.0136373884522221
ENSG00000007312_CD79B	474	0.248699945769409	0.00320839420997577	0.725209140697917	0.0093421384104053	0.013540380912293
ENSG00000011052_NME1	958	0.859267877663557	0.0336573604390211	0.098330961526493	0.00384670809446896	0.00489709227645961
ENSG00000011295_TTC19	743	0.316745719532185	0.00568475648309611	0.654775637309739	0.0117404551750488	0.011053431499931
ENSG00000012048_BRCA1	601	1.98915741279058e-05	0.000215716023947614	0.0843054035766983	0.914256580305182	0.0012024085200434
ENSG00000035862_TIMP2	1031	0.483296501815704	0.383406872847238	0.0540172476464038	0.0428162865607186	0.0364630911299357
ENSG00000055483_USP36	1032	5.54816564488322e-05	4.42055203507836e-05	0.415514605348026	0.33081151142734	0.253574196047834
ENSG00000068097_HEATR6	433	0.865783095216288	0.0136751662484104	0.114938404839038	0.00181167667816378	0.00379165701809987
ENSG00000073584_SMARCE1	786	4.98069429856827e-06	0.296150206491192	1.12879233529332e-05	0.671142979237744	0.0326905456534127
ENSG00000091640_SPAG7	1004	0.463492922433116	0.415707348283945	0.0460283232009082	0.0412493352452145	0.0335220708368155
ENSG00000108262_GIT1	613	0.859402957857184	0.0403577670061969	0.0911659341438857	0.00427637695495244	0.0047969640377813
ENSG00000108278_ZNHIT3	727	0.498021301524334	0.0354848661000867	0.424975644166633	0.0302689893831261	0.0112491988258206
ENSG00000108352_RAPGEFL1	670	9.908841130578e-06	0.589176001800356	2.90828277054631e-06	0.172687286077276	0.238123894998467
ENSG00000108384_RAD51C	715	0.263693107470459	0.00523640021993126	0.705359499891917	0.0139952663896437	0.0117157260280488
ENSG00000108395_TRIM37	633	0.861226471360113	0.0174260352027139	0.115348694133445	0.00233029412997615	0.00366850517375187
ENSG00000108433_GOSR2	588	0.516837651578246	0.0159252194599378	0.447178255005463	0.0137725314873227	0.00628634246903033
ENSG00000108559_NUP88	1083	0.375462202066103	0.339552815719847	0.134356703099964	0.121477612457255	0.0291506666568314
ENSG00000108592_FTSJ3	492	0.108437332129636	0.00144163996353914	0.868055089779061	0.0115299813484878	0.0105359567792761
ENSG00000108639_SYNGR2	1080	0.383092613690767	0.428884184932617	0.0688037040918004	0.0769856688122616	0.0422338284725546
ENSG00000108651_UTP6	616	0.837289727398174	0.0155839494812171	0.140881351976255	0.00261850993937628	0.00362646120497798
ENSG00000108666_C17orf75	822	0.284783192137913	0.00890765504461208	0.671985382327337	0.021005527482603	0.0133182430075349
ENSG00000108771_DHX58	672	0.0568363937779524	0.616740858749192	0.0218354233919516	0.236871979078897	0.0677153450020069
ENSG00000108826_MRPL27	825	0.0747999759406754	0.00302824585914231	0.863165834344794	0.0349208240293539	0.024085119826034
ENSG00000108960_MMD	1027	0.612719285206461	0.21628889813331	0.11091228381199	0.0391309048134004	0.0209486280348387
ENSG00000125319_C17orf53	752	0.634015094381771	0.030238888548767	0.312679513494365	0.0149048602134104	0.00816164336168646
ENSG00000125445_MRPS7	796	0.835847607711814	0.0562486115672458	0.0953829626481763	0.00641271653423192	0.00610810153853192
ENSG00000126581_BECN1	597	0.070576875637716	0.765414343928503	0.00554609847975645	0.0600496636837409	0.0984130182702842
ENSG00000132141_CCT6B	1092	0.747700983970927	0.0361359726694587	0.195773330005895	0.00945067711000044	0.0109390362437188
ENSG00000132507_EIF5A	1018	4.39598421217916e-05	1.65809437178434e-06	0.95146068908007	0.0358749444771967	0.0126187485062394
ENSG00000141560_ILMN_14939	487	0.623622260111437	0.0349521817894222	0.270981471152394	0.0151323976776016	0.0553116892691451
ENSG00000141696_ILMN_21605	768	0.0697028299068428	0.756434764933558	0.00906359640380784	0.0982941993150633	0.0665046094407283
ENSG00000141698_NT5C3L	765	0.000107251179191237	0.00116394566343742	0.0839150886591928	0.910686125687345	0.00412758881083271
ENSG00000141720_PIP4K2B	642	0.0161289090896738	0.778867269245006	0.00288948575527411	0.139471026774822	0.0626433091352235
ENSG00000159199_ATP5G1	790	5.64449287971281e-05	3.35379549484217e-06	0.933333724421092	0.0554448466748033	0.0111616301798134
ENSG00000161326_DUSP14	757	0.755482653889597	0.0517007245810303	0.172643206204932	0.0118063036936258	0.00836711163081517
ENSG00000161664_ASB16	745	0.873274719320553	0.0417112940719066	0.0770246747877745	0.00367470963816918	0.00431460218159704
ENSG00000166260_COX11	929	0.243610377705249	0.0826519806892003	0.49237628690605	0.167038804416327	0.0143225502831739
ENSG00000166750_SLFN5	1001	0.000138703820764405	7.99385847163729e-06	0.936475996567591	0.0539621087118945	0.00941519704127965
ENSG00000167083_GNGT2	795	0.764325732677963	0.0274149240392804	0.195586381218557	0.00700965169863947	0.0056633103655597
ENSG00000167720_SRR	911	0.416954173437137	0.0355984462736552	0.48150972936259	0.041085176691934	0.0248524742346841
ENSG00000167895_TMC8	1057	0.403762408486137	0.442848047709402	0.0463131416198474	0.0507400823624847	0.0563363198221288
ENSG00000168646_AXIN2	750	0.896859327319824	0.0311430523856055	0.0665200957478402	0.00230671075120014	0.00317081379553025
ENSG00000170291_C17orf81	1035	0.000409053424082089	1.5409109512547e-05	0.924188709859581	0.0347737270371331	0.0406131005696919
ENSG00000172057_ORMDL3	645	5.73135663871555e-07	0.0340784328486541	3.61578597431005e-06	0.214241609919535	0.751675768310172
ENSG00000172301_C17orf79	615	0.721832586155526	0.0134162045798985	0.2541872664167	0.00471855807561243	0.00584538477226322
ENSG00000176974_SHMT1	579	0.389310720971621	0.0110778880309656	0.569001348108729	0.0161765751129421	0.0144334677757426
ENSG00000177370_TIMM22	820	0.00127190171515529	0.000169109082678686	0.872701696328829	0.116022545396206	0.00983474747713117
ENSG00000177602_GSG2	973	0.406738092968238	0.341665896350663	0.120142141693183	0.100890577956231	0.0305632910316859
ENSG00000181031_RPH3AL	443	0.813545616657635	0.0915940070840404	0.0729689722889878	0.00820160929600486	0.0136897946733321
ENSG00000182534_MXRA7	979	0.623213842071338	0.238479798272048	0.0835570460404444	0.0319512470183193	0.0227980665978499
ENSG00000185262_FAM100B	894	0.725020367122046	0.0484135405113171	0.196613454350976	0.0131121057276294	0.0168405322880312
ENSG00000185504_C17orf70	752	0.795550306763165	0.0175125296167211	0.179573942268715	0.00394956575455179	0.00341365559684809
ENSG00000187607_ZNF286A	871	0.785629002642365	0.0191489108411164	0.186353417549301	0.00453784489192654	0.00433082407529044
ENSG00000187624_ILMN_7731	524	4.66487972445509e-08	5.38362404303389e-09	0.884092412450031	0.102017060998422	0.0138904745191238
ENSG00000205309_NT5M	766	0.888410959467028	0.0246761296718949	0.0816728675208781	0.00226553675855373	0.00297450658164561
ENSG00000213246_SUPT4H1	842	0.846696223776353	0.0221634804902972	0.124160686524347	0.00324634968187398	0.00373325952712874
ENSG00000214087_ARL16	731	0.264535068749653	0.00582521837367712	0.702395846351922	0.0154553826897377	0.0117884838350099
ENSG00000066926_FECH	1138	0.841061506789373	0.040661307379097	0.108970220551649	0.00526414696001488	0.00404281831986596
ENSG00000082212_ME2	1041	0.738093530256327	0.0571040843527554	0.155403702995804	0.0119857057757169	0.0374129766193962
ENSG00000091164_TXNL1	953	0.856910587216893	0.0262372733544784	0.110017497479694	0.00336509562045917	0.00346954632847503
ENSG00000101557_USP14	658	0.8802973847668	0.0158805142626269	0.0999035766796537	0.00180013639759484	0.00211838789332421
ENSG00000101752_MIB1	518	0.688270514025277	0.0120517838269939	0.284419448373233	0.0049699653155203	0.0102882884589757
ENSG00000132199_ENOSF1	892	0.369538615346704	0.00961295641526611	0.546694210475437	0.0141613832261171	0.0599928345364763
ENSG00000141428_C18orf21	917	0.741178754680128	0.03266178501607	0.194198396049006	0.00853438237857866	0.0234266818762167
ENSG00000154889_MPPE1	924	0.703075252850296	0.0996517419324371	0.163402566961809	0.0231494604792763	0.010720977776181
ENSG00000158270_COLEC12	705	0.904451110447814	0.0192483423480657	0.0727204589533415	0.00154558733676534	0.00203450091401378
ENSG00000166401_SERPINB8	1056	0.449955937386074	0.13215046838206	0.306325602153873	0.0899451237362641	0.0216228683417288
ENSG00000167220_HDHD2	954	0.802983037404037	0.0921693287922511	0.0853395063779703	0.00978585827978884	0.00972226914595328
ENSG00000168461_RAB31	1325	0.734013803138466	0.112991329724555	0.123733637188846	0.0190368673103591	0.0102243626377732
ENSG00000172466_ZNF24	819	0.894121618385334	0.026252363064973	0.0747532100129186	0.00219215321199098	0.00268065532478351
ENSG00000176014_TUBB6	853	0.669795155109675	0.0926014525047539	0.197098183907192	0.0272362236049415	0.0132689848734375
ENSG00000177150_C18orf19	742	0.655569896051346	0.101907239599692	0.196674240515889	0.0305573892256472	0.0152912346074261
ENSG00000197563_PIGN	1016	0.365521718624624	0.029820227581763	0.550795152852752	0.0449263873593857	0.00893651358147497
ENSG00000198795_ZNF521	1088	0.694583505148072	0.183683467151703	0.0799757724349632	0.0211290637607367	0.0206281915045247
ENSG00000215429_ILMN_33941	1055	2.62250652851107e-05	7.7049572481248e-06	0.761014474875909	0.223571632323978	0.015379962777581
ENSG00000064666_CNN2	724	0.843623986402651	0.0728104230795099	0.0708036140799433	0.00610417021646413	0.00665780622143193
ENSG00000065000_AP3D1	751	0.827497656591159	0.087396498593675	0.0701660644381024	0.0074030804820919	0.00753669989497211
ENSG00000065268_WDR18	704	0.0595637817747497	0.00218531749842752	0.86916221732361	0.0318511911113893	0.0372374922918236
ENSG00000073050_XRCC1	709	0.00232843462686721	0.000316902863354513	0.866968214498827	0.117983054345117	0.0124033936658348
ENSG00000076924_XAB2	861	0.835350101016948	0.0371669417800738	0.117614734974777	0.0052283516643203	0.00463987056388158
ENSG00000083828_ZNF586	891	0.74156236938327	0.0302683484438785	0.214529455154471	0.00875155969738802	0.00488826732099304
ENSG00000095932_ILMN_32047	796	0.528801941979438	0.363171166707637	0.0435923865159559	0.0299038955078857	0.0345306092890835
ENSG00000104946_TBC1D17	768	0.889485939869563	0.0308565418217407	0.0739204208675302	0.00256114626657074	0.00317595117459517
ENSG00000104953_TLE6	791	0.505989520923612	0.381034528390623	0.0438362459852158	0.0329746437101138	0.0361650609904355
ENSG00000105053_VRK3	778	0.758766946070826	0.0280731412215052	0.199504164638839	0.00737504846501922	0.00628069960381029
ENSG00000105132_ZNF550	997	0.778110363526248	0.0272038917206266	0.184031084070335	0.00642977460673503	0.00422488607605477
ENSG00000105198_LGALS13	805	5.18187016860157e-10	0.852245152613298	3.95412108481534e-11	0.0649493241473934	0.0828055226815798
ENSG00000105404_RABAC1	488	0.799527556384467	0.0280322068502938	0.162004428835473	0.00567527090593985	0.00476053702382606
ENSG00000105697_HAMP	850	0.877220886783814	0.0366078365416048	0.0787691824978873	0.00328304545093707	0.00411904872575724
ENSG00000105698_USF2	853	0.701804727128711	0.0293481801086172	0.203390261365778	0.0084483974035008	0.0570084339933937
ENSG00000118046_STK11	780	0.846281064711349	0.0739833970221226	0.0675655003796563	0.00590042669577574	0.00626961119109639
ENSG00000121289_CCDC123	921	0.0154681769579279	0.0545049473786778	0.203987002685026	0.718778208499355	0.00726166447901274
ENSG00000121406_ZNF549	1007	0.869488954969166	0.0305036428179239	0.0934394082020199	0.00327477295404907	0.00329322105684119
ENSG00000125656_CLPP	821	0.862972568506002	0.0470185288523601	0.0806985127092506	0.00439189025953403	0.00491849967285328
ENSG00000125753_VASP	777	0.000866007994159978	0.000357057774632792	0.676004274785	0.278674555331777	0.0440981041144302
ENSG00000125910_EDG6	781	0.517913253508961	0.364652358049716	0.0486891847574916	0.0342465820671793	0.0344986216166523
ENSG00000126246_TMEM149	814	0.0857014865145127	0.00321304059930132	0.856944908766637	0.0321057484377104	0.0220348156818381
ENSG00000129933_KIAA0892	638	0.422779296180465	0.0155069198927026	0.52069165486363	0.0190762546612328	0.0219458744019691
ENSG00000130312_MRPL34	824	0.787448935243905	0.0516093478786991	0.145088553326224	0.00950274316866525	0.00635042038250686
ENSG00000141934_PPAP2C	459	0.919718201106393	0.0283288687595446	0.0474439629593057	0.0014583032578496	0.0030506639169066
ENSG00000141994_DUS3L	799	0.16800200460709	0.00837236275811694	0.772091301715701	0.0384640209334706	0.0130703099856208
ENSG00000142046_BCKDHA	674	0.905359628944021	0.0273962301738625	0.0625937656198036	0.00189133160888546	0.00275904365342725
ENSG00000160113_NR2F6	804	0.861953947554998	0.0561072666038397	0.0710776134441457	0.00462042244753054	0.00624074994948635
