gene	nsnps	PP.H0.abf	PP.H1.abf	PP.H2.abf	PP.H3.abf	PP.H4.abf
ENSG00000055950_MRPL43	3536	0.000916201023379962	9.56178318480634e-05	0.898598903315823	0.0937742000965742	0.00661507773237492
ENSG00000067057_PFKP	7466	0.295046229648572	0.0560056645040785	0.53808558297574	0.102130653780797	0.00873186909081224
ENSG00000078114_NEBL	5546	0.509011971053161	0.0832046343679737	0.342512860509997	0.0559788951734864	0.00929163889538211
ENSG00000089876_DHX32	5351	0.111678135022567	0.010731734964145	0.794516106746583	0.0763424685875484	0.00673155467915689
ENSG00000095787_WAC	6250	0.437285132479212	0.15999511830991	0.283359802457767	0.103660785015685	0.0156991617374256
ENSG00000107951_PAPD1	5903	7.14678703548052e-07	0.477744975226872	6.90149166133445e-07	0.461286621281754	0.0609669986635053
ENSG00000119979_FAM45A	5139	0.19733775450659	0.0209436313946734	0.678441328840753	0.0719722766155653	0.0313050086424182
ENSG00000120616_EPC1	4910	0.457896273695659	0.147077971506606	0.287426653618116	0.0923072090749637	0.0152918921046551
ENSG00000127884_ECHS1	3574	0.63161461845677	0.0699167601347589	0.261524161049689	0.0289414885428531	0.00800297181592932
ENSG00000134463_ECHDC3	5866	0.343078863859779	0.192653070462465	0.277017564953152	0.155525174506797	0.0317253262178076
ENSG00000138185_ENTPD1	5318	0.0428357782189118	0.00387627672160713	0.867063310402089	0.0784541477043074	0.00777048695308462
ENSG00000148484_RSU1	5518	0.452934435938761	0.0584124788167589	0.426289711011904	0.0549688597477364	0.00739451448483863
ENSG00000151640_DPYSL4	6678	0.175944892091348	0.0301310205937701	0.671816820113938	0.115043314614724	0.00706395258621963
ENSG00000151893_C10orf46	4828	0.54424357291255	0.0553833911850689	0.357579647388374	0.0363816587533638	0.00641172976064351
ENSG00000156398_SFXN2	3262	0.000279332566008464	0.466211714125614	0.000252634962646263	0.421541157851835	0.111715160493897
ENSG00000165730_STOX1	5741	0.189260391861956	0.0297041913541452	0.666195316990817	0.104548263604002	0.0102918361890796
ENSG00000165983_PTER	5561	2.10664694013364e-09	2.55216990352363e-10	0.885768055311061	0.107302488617271	0.00692945370980357
ENSG00000166169_POLL	3216	0.247614927142082	0.0557597193588531	0.55850240922806	0.125755242349837	0.0123677019211678
ENSG00000173915_USMG5	3895	6.00314949663929e-13	1.00194384563512e-09	0.00059878779955543	0.999394979586793	6.2316111071962e-06
ENSG00000183605_SFXN4	5181	0.583633871054628	0.0622797696379955	0.313889567657553	0.0334885546924497	0.00670823695737452
ENSG00000188690_UROS	5269	0.0114474569298199	0.00109428962172622	0.895421626094301	0.0855890343127924	0.00644759304136037
ENSG00000197771_C10orf119	5474	0.12488932623778	0.0147795734567967	0.760517790347012	0.0899908917038954	0.00982241825451673
ENSG00000205703_C10orf139	5869	0.56723171281984	0.0631675188913609	0.327114738036458	0.0364217763049661	0.00606425394737591
ENSG00000014138_POLA2	2890	0.382244984319284	0.22746285883139	0.225212690297553	0.133986420542607	0.0310930460091656
ENSG00000066336_SPI1	2729	0.0476504058870538	0.088875700281995	0.297354392857075	0.55460243438099	0.0115170665928863
ENSG00000074319_TSG101	5160	0.00543330039312403	0.000658976360295636	0.855134276656667	0.103679634331319	0.0350938122585946
ENSG00000078124_PHCA	4268	0.000237509183095857	0.000662462283342628	0.263144093655583	0.733961361533389	0.00199457334458847
ENSG00000099834_MUPCDH	4545	0.488733165085765	0.071045321870392	0.375890591512926	0.0546321179788255	0.00969880355209156
ENSG00000110074_FOXRED1	5731	0.010980498494061	0.00329210842075629	0.752357063261817	0.22555945501201	0.00781087481135583
ENSG00000110076_NRXN2	2738	0.615752739435266	0.169311785163709	0.15624215745466	0.0429457155016245	0.0157476024447404
ENSG00000110080_ST3GAL4	5754	0.465299568101047	0.139203250310976	0.279141266103919	0.0834775613743621	0.0328783541096964
ENSG00000110315_RNF141	6331	0.000567215470496971	0.55531536444715	0.00040237500585953	0.393883399455315	0.0498316456211786
ENSG00000110455_ILMN_3829	5403	0.382722543963201	0.0742124350608342	0.445687873352537	0.0864108630021234	0.010966284621305
ENSG00000110768_GTF2H1	5165	0.136142252343015	0.0168517053806184	0.746741679342333	0.0924239400062639	0.0078404229277697
ENSG00000120451_SNX19	5179	0.22808762688566	0.0292244561704471	0.555015374998562	0.0709964426702089	0.116676099275122
ENSG00000131626_PPFIA1	5084	0.00919777848450435	0.00279024126907676	0.737436531089314	0.223682108331341	0.0268933408257634
ENSG00000134627_PIWIL4	4414	0.624238318330457	0.0525085336902344	0.293198587357665	0.0246573436788334	0.00539721694281044
ENSG00000134809_TIMM10	5057	0.00541937897871606	0.00110262718545614	0.818039685059011	0.166429396497364	0.00900891227945302
ENSG00000149084_HSD17B12	5973	2.79930909019433e-05	5.22969432800597e-06	0.786176597696744	0.146807233559381	0.0669829459586461
ENSG00000149089_APIP	5442	2.85907376511683e-05	5.17900315033e-06	0.834913976028362	0.151224736693791	0.0138275175370452
ENSG00000159063_ALG8	4013	0.0548005087527319	0.156053674173566	0.201176581991006	0.572869084538909	0.0151001505437872
ENSG00000165434_PGM2L1	4024	0.616635455246523	0.0620710401652512	0.285372745379502	0.0287186568955895	0.00720210231313454
ENSG00000165526_RPUSD4	5710	0.384774412096912	0.115295425906337	0.34579149957756	0.103563846947439	0.050574815471752
ENSG00000166435_XRRA1	4104	0.000735206652883643	0.000425715172573362	0.629177931944748	0.364314795240004	0.00534635098979037
ENSG00000166439_RNF169	4221	0.00796194169294126	0.00462607992941239	0.62082525942123	0.360708553444428	0.00587816551198788
ENSG00000166788_SAAL1	4989	0.377317960747613	0.046506478290888	0.504359094836359	0.0621553236580012	0.00966114246713901
ENSG00000166796_LDHC	5139	0.0813650544717437	0.0100560735159244	0.79796137302892	0.0986096705092879	0.0120078284741244
ENSG00000168000_BSCL2	4220	0.538039943941652	0.135163891523767	0.250014400997904	0.062793466346968	0.0139882971897089
ENSG00000168002_POLR2G	4149	0.562148449490657	0.13920926432399	0.229525457294761	0.0568269134704145	0.0122899154201773
ENSG00000168071_CCDC88B	2898	0.327870339435878	0.0817275332974568	0.454685251718882	0.113316012467183	0.0224008630806
ENSG00000172890_NADSYN1	5030	0.171266417687085	0.0827058756017676	0.493789085613711	0.238440764572018	0.0137978565254187
ENSG00000173113_ILMN_22312	2931	0.549834651915947	0.133726126769372	0.242663840067029	0.0590038722342821	0.0147715090133693
ENSG00000173715_C11orf80	2711	0.637880638866992	0.0688506201986985	0.256685987972989	0.0276969079844877	0.00888584497683245
ENSG00000173992_CCS	2494	0.280615332502101	0.142956782820133	0.367241324020171	0.187065440105762	0.0221211205518329
ENSG00000175390_EIF3F	6054	0.482599893016388	0.133009745519776	0.290993812892672	0.0801878306125024	0.0132087179586611
ENSG00000175567_UCP2	3787	0.322778726145022	0.0319927023698635	0.580451731950391	0.0575251009109656	0.00725173862375791
ENSG00000175575_PAAF1	3752	0.365737911078868	0.0362565166505197	0.5358365203964	0.0531097592252356	0.00905929264897718
ENSG00000175581_MRPL48	3722	0.483252565294373	0.0485779833917883	0.416276645811463	0.0418353075117128	0.0100574979906629
ENSG00000176148_TCP11L1	4680	0.0609558882018036	0.0147231862695802	0.738194306012683	0.178294421960175	0.00783219755575795
ENSG00000177042_TMEM80	5055	0.495520009386376	0.076839821011859	0.362042254944403	0.0561320855546801	0.00946582910268173
ENSG00000177685_EFCAB4A	5430	0.505727451219992	0.0809275683676399	0.349176208745855	0.0558676087515367	0.0083011629149763
ENSG00000177697_CD151	5447	0.000256570859676907	4.11132581731551e-05	0.8313194462319	0.133176535093664	0.0352063345565862
ENSG00000179057_IGSF22	4985	0.568624277853501	0.0690956933286661	0.316336310572822	0.0384317132538584	0.00751200499115317
ENSG00000182919_C11orf54	4878	0.14418074666572	0.0141658847305873	0.75695941058765	0.0743615931806672	0.0103323648353746
ENSG00000184524_CEND1	5336	0.415277026467846	0.0659788464227125	0.44056686277017	0.069988684651873	0.00818857968739865
ENSG00000185187_SIGIRR	3861	0.576020570025636	0.0753469000070408	0.300936122789932	0.0393558855707887	0.00834052160660165
ENSG00000196655_TRAPPC4	4424	0.000170404119900715	2.3496211626672e-05	0.871747086278271	0.120193183511317	0.0078658298788851
ENSG00000197345_MRPL21	4501	0.000434453518397909	7.20182648574018e-05	0.808149097826654	0.133907402262792	0.0574370281272981
ENSG00000202477_SNORD25	4183	0.525887265602584	0.0939299385894514	0.313381707998294	0.0559629922530604	0.0108380955566101
ENSG00000205339_IPO7	5021	0.000379706890921117	0.37199213651193	0.000606166880164894	0.593817785142244	0.0332042045747407
ENSG00000213931_HBE1	8486	0.438853329043016	0.101942872894404	0.364649232042746	0.0846958683712052	0.0098586976486287
ENSG00000010626_LRRC23	2326	0.00463246609300145	0.000203765103872985	0.942259434349296	0.0414350491912676	0.0114692852625617
ENSG00000076067_RBMS2	2622	0.0771069574984997	0.20615758223004	0.1706007895937	0.456037955151355	0.090096715526404
ENSG00000089127_OAS1	3937	9.28712307530339e-07	0.00231541331497248	0.000399903658340315	0.997017052568701	0.000266701745679074
ENSG00000089163_SIRT4	4712	0.00079276161453378	0.541999725822863	0.000589955450852762	0.403290738721346	0.0533268183904045
ENSG00000110906_KCTD10	3783	1.35907653436206e-05	3.15268063669276e-06	0.801178416794634	0.185838206372865	0.0129666333865207
ENSG00000110931_CAMKK2	4832	0.000475381986629399	0.325027538038794	0.000944403914304694	0.645678711084816	0.0278739649754563
ENSG00000111321_LTBR	3760	0.640731018793067	0.0507875422778342	0.280741364339179	0.0222474707963095	0.00549260379361052
ENSG00000111358_GTF2H3	4413	0.248180661953559	0.393537748118946	0.120390398166711	0.190854888999286	0.047036302761498
ENSG00000111364_DDX55	4350	0.130129283634249	0.206201795527505	0.248619633611013	0.393939522479049	0.021109764748185
ENSG00000111371_SLC38A1	3688	0.0157346770822869	0.00190471877964503	0.84934437395328	0.102784854755308	0.0302313754294804
ENSG00000111581_NUP107	5025	0.255302325128163	0.284323893980898	0.201382115432859	0.224239536047313	0.0347521294107675
ENSG00000111666_CHPT1	4620	0.0410226879295716	0.00336468997970751	0.872775143388341	0.0715739476705884	0.0112635310317908
ENSG00000111711_GOLT1B	5525	0.51924202166873	0.108438165537082	0.298856321578037	0.0624018979104962	0.011061593305654
ENSG00000111725_PRKAB1	4564	0.612730936353152	0.0640058390343031	0.286736680335472	0.0299459168194885	0.00658062745758425
ENSG00000111780_ILMN_16367	4699	0.000657444555823301	0.44948774284462	0.000751913645867349	0.514040176781094	0.0350627221725956
ENSG00000123297_TSFM	3825	0.119351129262151	0.110083263759828	0.393420193583373	0.362856001019099	0.0142894123755493
ENSG00000123427_FAM119B	3829	0.000835468225791421	0.000770592557131628	0.515285702686893	0.475264961876879	0.00784327465330501
ENSG00000127337_YEATS4	5291	0.0517267903031163	0.0581044124540256	0.415040452614713	0.466203680109799	0.00892466451834534
ENSG00000134545_KLRC1	4689	0.620188453977341	0.0625657443826405	0.282825154171042	0.0285260236784047	0.00589462379057227
ENSG00000135426_KIAA0748	4307	0.0377356069069639	0.526007680167322	0.0258165760101408	0.359814190603158	0.0506259463124149
ENSG00000136026_CKAP4	4563	0.617009157069072	0.0759724227289677	0.267057102354508	0.0328756922722877	0.00708562557516372
ENSG00000136048_ILMN_20048	4518	0.626081358945664	0.0517285231468634	0.292695026421726	0.0241779319228332	0.00531715956291278
ENSG00000139187_KLRG1	453	0.948918197880995	0.0104193342927372	0.0392075555848618	0.000429482309673217	0.00102542993173293
ENSG00000139190_VAMP1	3561	0.160903647881779	0.0112545372421828	0.766196230842882	0.053584160557576	0.0080614234755806
ENSG00000139192_TAPBPL	3586	0.034677481460457	0.00244682626339988	0.888884108133601	0.0627079476716094	0.011283636470933
ENSG00000139197_PEX5	1328	0.86705968441583	0.0166927459108012	0.112459482495381	0.00216345996880727	0.0016246272091797
ENSG00000150045_KLRF1	2870	0.718422546830496	0.0527557839306527	0.208183441726938	0.0152821383221978	0.00535608918971562
ENSG00000155957_TMBIM4	3929	0.616615257691152	0.0540581035274749	0.29747865343564	0.0260739111818443	0.00577407416388881
ENSG00000157895_C12orf43	4646	0.000477999870616751	0.326815637607927	0.000511617440214192	0.349477754124645	0.322716990956597
ENSG00000165714_LOH12CR1	5147	0.495073862872544	0.0469788267984446	0.411661321553265	0.0390563675006933	0.00722962127505356
ENSG00000166888_STAT6	2893	0.0612756577084614	0.165069003402442	0.204739633587114	0.551525727421235	0.017389977880748
ENSG00000166896_XRCC6BP1	3888	0.18087063406434	0.169015173186965	0.325064847020553	0.303736628423264	0.0213127173048784
ENSG00000171840_NINJ2	4237	0.607671527027359	0.098846376355324	0.244162382310821	0.0397068551013239	0.0096128592051729
ENSG00000176422_SPRYD4	2755	0.000951831392158444	0.0025453818518244	0.249304876468221	0.66660903006008	0.0805888802277163
ENSG00000177627_C12orf54	4770	0.344730007695303	0.100777700534084	0.417843074930111	0.122136920231907	0.0145122966085951
ENSG00000184752_NDUFA12	6701	0.225969282606531	0.0859218908793243	0.488547458598486	0.185750027633188	0.0138113402824709
ENSG00000185163_DDX51	5215	0.485554405634417	0.111990747969346	0.318045927425019	0.073344672799184	0.0110642461720337
ENSG00000185480_C12orf48	4436	0.489033924915804	0.0425499532737063	0.425370480588752	0.0370046716843578	0.00604096953737958
ENSG00000186081_KRT5	4919	0.564089825222599	0.079196243906028	0.305752040074831	0.0429184765437639	0.00804341425277807
ENSG00000186611_ILMN_34849	1724	0.80836884779399	0.0354626149584269	0.146069702156822	0.00640428816890838	0.00369454692185207
ENSG00000032742_IFT88	5499	0.354038274803647	0.0395715965262848	0.535908178760841	0.0598889821186079	0.0105929677906194
ENSG00000102796_DHRS12	3523	0.302682377739474	0.0315058110572214	0.588259677435823	0.0612148397182686	0.0163372940492134
ENSG00000122034_GTF3A	5937	0.0105491838812803	0.484296089726903	0.00983039867197261	0.45125374457211	0.0440705831477332
ENSG00000136111_TBC1D4	5750	0.026488616699179	0.00421950511415621	0.822503424694064	0.131004927986967	0.0157835255056338
ENSG00000139617_ILMN_28859	4522	5.56703190886863e-05	9.44018425034776e-05	0.0333174198605209	0.0555864096521344	0.910946098325753
ENSG00000151287_C13orf27	5536	0.478817427166066	0.0573039663313929	0.407986677476764	0.0488200039149606	0.00707192511081586
ENSG00000169062_UPF3A	2622	0.540808757038062	0.20614383768147	0.168012539975826	0.0640214957771772	0.0210133695274655
ENSG00000174032_SLC25A30	4232	0.585193983681089	0.0492873873371299	0.331383996919954	0.0279042606264026	0.00623037143542467
ENSG00000089916_C14orf118	4635	0.0160699596766599	0.0404457577312148	0.261721320405763	0.658691532166628	0.0230714300197344
ENSG00000092020_PPP2R3C	5204	0.0829627972387579	0.193528370386134	0.207388460487502	0.483745319659894	0.0323750522277117
ENSG00000092094_OSGEP	5010	0.0666431827032402	0.00714447977624634	0.82833972252093	0.0887930477525901	0.00907956724699279
ENSG00000092203_TOX4	6813	0.360738973281474	0.0801221791416682	0.446780851809366	0.0992194315129625	0.0131385642545298
ENSG00000100439_ABHD4	6147	0.467655284298274	0.112469044834824	0.32962280122979	0.0792618470160243	0.0109910226210875
ENSG00000100445_C14orf124	5572	0.253111948200616	0.0310260504045539	0.627363515334227	0.0768895891188479	0.0116088969417554
ENSG00000100490_CDKL1	4297	0.0732993455090307	0.00631252330364728	0.84131779633327	0.0724474783123783	0.00662285654167336
ENSG00000100744_C14orf129	5924	0.123680336381867	0.0180929272485621	0.74249876941269	0.10861141255157	0.00711655440531101
ENSG00000100814_CCNB1IP1	4748	0.404335305498331	0.0406945884888724	0.498200689078418	0.050135096444108	0.00663432049027085
ENSG00000100908_C14orf122	5197	0.500295953820839	0.0653508502599621	0.37724479546726	0.049269529758115	0.00783887069382399
ENSG00000100931_CHMP4A	5272	0.559861644796225	0.0760134757450776	0.313768551326417	0.0425931872680528	0.0077631408642281
ENSG00000119599_WDR21A	5391	0.370678745648356	0.065932694390003	0.470144589628381	0.0836150728448864	0.00962889748837325
ENSG00000119632_FAM14A	6279	0.516074960148213	0.0942767099205106	0.32175430084882	0.058769035601812	0.00912499348064487
ENSG00000119684_MLH3	3692	1.49060202690582e-05	0.000602023118705435	0.0124342783138101	0.501709368809157	0.485239423738058
ENSG00000119718_EIF2B2	3736	7.92540339648274e-05	0.00320115543818335	0.0121414409315983	0.489911154907279	0.494666994688975
ENSG00000125375_ATP5S	4303	0.593189137495769	0.051093602510696	0.322067646800302	0.0277349782557169	0.00591463493751614
ENSG00000129514_FOXA1	4472	0.636891768930514	0.0650604863959215	0.264837697928355	0.0270478370469239	0.00616220969828485
ENSG00000134007_ADAM20	4928	0.572532403918463	0.0840098849672543	0.29147518101218	0.0427600535680236	0.00922247653407864
ENSG00000139998_RAB15	4584	0.54124249706904	0.0525586951164733	0.362232805186469	0.0351667157032663	0.00879928692475184
ENSG00000140092_FBLN5	5257	0.464183315330445	0.0729031807741828	0.388465116423351	0.0609976663780089	0.0134507210940123
ENSG00000140104_C14orf79	3705	0.636042577807814	0.0575887138473076	0.275459606266511	0.0249347528839553	0.00597434919441198
ENSG00000155465_SLC7A7	6030	0.450164655587947	0.105332336684119	0.350355686994655	0.0819662299720042	0.0121810907612739
ENSG00000157326_DHRS4	5032	0.533438537052375	0.0670673181695707	0.347634571036136	0.0436986896018676	0.00816088414005004
ENSG00000165501_PPIL5	4130	0.556044187231548	0.0423699753431223	0.367868589939946	0.0280255033356293	0.00569174414975433
ENSG00000165819_METTL3	6771	0.411701801911119	0.0923200174396756	0.396310037427894	0.0888577575852188	0.010810385636093
ENSG00000166166_C14orf172	4843	0.381132207403155	0.0929137925453878	0.376982492591204	0.0918450335364253	0.0571264739238278
ENSG00000177465_ACOT4	5054	0.466860243212418	0.0908307243652114	0.361315661698984	0.0702856255874974	0.0107077451358885
ENSG00000182512_GLRX5	6668	0.296037038068388	0.0462296421336144	0.562025031668814	0.0877588254439747	0.00794946268520865
ENSG00000183648_NDUFB1	5523	0.359840770228564	0.0625973055462568	0.485085363160527	0.0843765478811869	0.00810001318346485
ENSG00000184990_SIVA1	4307	0.366717464314314	0.0405044996928024	0.527310126100274	0.0582349696245212	0.00723294026808842
ENSG00000187630_DHRS4L2	5090	0.554648786665763	0.0700781371481058	0.326330757258345	0.041223150009159	0.0077191689186267
ENSG00000197195_CHURC1	4607	5.30275167579669e-09	5.13016502213617e-10	0.905379629562285	0.0875842219683952	0.00703614265355182
ENSG00000198805_NP	5022	0.553140963951819	0.0594472798177157	0.343421921376553	0.0369012229869605	0.00708861186695165
ENSG00000198894_KIAA1737	6124	0.307710665898815	0.0370514649034898	0.578409711240155	0.0696391687451	0.00718898921244008
ENSG00000205659_LIN52	4356	2.25062707123153e-05	0.000343819804220157	0.0612804119142711	0.936155528982939	0.00219773302785711
ENSG00000051180_RAD51	3742	0.000581369375764968	7.43694126730289e-05	0.878496011726385	0.112369701575052	0.00847854791012538
ENSG00000064726_BTBD1	2541	0.681961831109345	0.043418762876944	0.252616455814604	0.0160775172077591	0.00592543299134791
ENSG00000074696_PTPLAD1	3797	0.0489774939121472	0.037079391285664	0.513851154088988	0.389010211157596	0.0110817495556042
ENSG00000103657_HERC1	4326	0.565133042535248	0.064384474256001	0.326123927211212	0.0371474339179627	0.00721112207957631
ENSG00000103671_TRIP4	3510	0.484835866272861	0.0899688384249043	0.343297196095468	0.0636859238339328	0.0182121753728342
ENSG00000103811_CTSH	5557	4.80016040799515e-13	0.262877203517098	1.12503548319505e-12	0.61599616225309	0.121126634228209
ENSG00000103932_RPAP1	3825	0.146147164194073	0.0230451680811028	0.708095191310931	0.111644692292836	0.0110677841210566
ENSG00000104047_DTWD1	4275	0.134835580956255	0.0151590518966395	0.756024110745676	0.0849879240141004	0.00899333238732886
ENSG00000104055_TGM5	2192	0.135293986374453	0.00500473404917352	0.819717327123496	0.0303129421944266	0.00967101025845069
ENSG00000136371_MTHFS	5692	1.68270811226917e-11	0.471741057933203	1.74574516606113e-11	0.489374380588201	0.0388845614443099
ENSG00000137806_NDUFAF1	3882	0.142999378999809	0.0227560364950515	0.686531316562879	0.109211845004941	0.0385014229373201
ENSG00000140264_SERF2	2081	0.667958351752994	0.0243617852793259	0.292995138286779	0.0106821197080369	0.00400260497286425
ENSG00000140400_MAN2C1	2954	0.310378519173508	0.0304711650501	0.576058450677501	0.0565275173452725	0.0265643477536183
ENSG00000140471_LINS1	6828	0.399742491849608	0.0534041021949804	0.475658385666378	0.0635385252493407	0.00765649503969195
ENSG00000166140_ZFYVE19	3560	0.179831358906353	0.0226553127701894	0.70129446721765	0.08834181677683	0.00787704432897862
ENSG00000166762_CATSPER2	1994	0.419539416112822	0.0146823672802171	0.53927963281723	0.0188652098719572	0.00763337391777352
ENSG00000166938_DIS3L	5019	2.82896051270622e-07	0.151171413025282	1.56155179412262e-06	0.834433419466874	0.0143933230599987
ENSG00000168803_ADAL	2142	0.664074950876351	0.0241055906715365	0.296951385364219	0.0107750947255093	0.00409297836238434
ENSG00000168970_PLA2G4B	3538	0.128475437152367	0.0200596281103271	0.729058111828841	0.113823561764053	0.00858326114441262
ENSG00000169118_CSNK1G1	3511	0.57232062127553	0.1057923378342	0.262026880292669	0.0484237154803596	0.0114364451172416
ENSG00000171763_SPATA5L1	3678	0.31129998344727	0.0528490959694199	0.525146024870575	0.0891319578751361	0.0215729378375983
ENSG00000172345_STARD5	4338	0.588358280412133	0.0975344157891459	0.26041003187928	0.043158634246555	0.0105386376728859
ENSG00000188659_ILMN_4387	2646	0.720580363032909	0.0455855590658158	0.215226185544138	0.0136107027336124	0.00499718962352564
ENSG00000047578_KIAA0556	4437	0.606117379382447	0.0802867726389347	0.269758813906057	0.0357243465623648	0.00811268751019559
ENSG00000063854_HAGH	5151	0.126195235995282	0.0202005614093928	0.728982397362182	0.11668310409569	0.00793870113745376
ENSG00000070761_C16orf80	5798	0.502466576807798	0.0908900802093704	0.335714501252036	0.0607164495483951	0.0102123921824007
ENSG00000086504_MRPL28	3790	0.541972120927546	0.0406385186386942	0.383281348365056	0.0287340863120504	0.00537392575665363
ENSG00000090857_ILMN_138245	2611	0.662666270942849	0.113799695934101	0.181380036656923	0.0311373817951434	0.0110166146709847
ENSG00000090857_ILMN_8209	2611	0.619241120615451	0.106342293739601	0.223389841051516	0.0383500665324232	0.0126766780610092
ENSG00000103042_ILMN_16502	5476	0.404256708131091	0.0559621139070668	0.466877657710565	0.0646225838976583	0.00828093635361874
ENSG00000103111_MON1B	8341	0.052725855981564	0.00869307973229854	0.800105355340953	0.131909350770795	0.00656635817438908
ENSG00000103126_AXIN1	3542	0.62215899640163	0.0440904706366988	0.306627625087436	0.0217243463726872	0.00539856150154814
ENSG00000103174_NAGPA	6812	0.335859577864011	0.0993730312468067	0.419700005144576	0.124158553283113	0.0209088324614936
ENSG00000103202_DECR2	3860	0.401440106643454	0.030700246704417	0.521820636670695	0.0399002433215523	0.00613876665988225
ENSG00000103248_MTHFSD	7405	0.385325080604992	0.159653684404236	0.308232338485853	0.127692363137349	0.0190965333675694
ENSG00000103275_UBE2I	5953	0.0659493933878922	0.0113646966714086	0.779785203417835	0.134367567237755	0.00853313928510842
ENSG00000103540_ILMN_12815	4757	0.28707580375984	0.0281285470950821	0.614899610100342	0.0602400495409724	0.00965598950376329
ENSG00000118894_FAM86B1	6997	0.187776202330393	0.0560763365024812	0.574301382023956	0.171495501348804	0.010350577794365
ENSG00000125124_BBS2	5529	2.34045286048087e-05	4.3187997930631e-05	0.349491815473735	0.644906056503615	0.00553553549611432
ENSG00000125170_DOK4	5659	0.197322521350011	0.362726888840941	0.144590594484343	0.265763157756	0.0295968375687058
ENSG00000127561_SYNGR3	5010	0.0747674228581711	0.0122489480380961	0.776663673807341	0.127229653791482	0.00909030150490952
ENSG00000127586_CHTF18	4882	0.410692422491921	0.0592565389433443	0.45598831856191	0.0657837543829027	0.0082789656199215
ENSG00000129925_TMEM8	3808	0.20085775854107	0.0151452162830553	0.723045982724794	0.0545131777603246	0.00643786469075591
ENSG00000130731_C16orf13	4638	0.55564340081364	0.0771900212857978	0.315478847296827	0.043818474947122	0.007869255656613
ENSG00000131148_COX4NB	7973	0.370724910932651	0.162129640844168	0.31434674860977	0.137458360374368	0.0153403392390423
ENSG00000132603_NIP7	3336	0.110572110905188	0.0196334231063294	0.731995807312697	0.129966926634945	0.00783173204084118
ENSG00000135698_MPHOSPH6	8640	0.000710694843578311	0.159650424718582	0.00366444518997856	0.82316782601284	0.012806609235021
ENSG00000140829_DHX38	3536	0.00640260614020099	0.0839779087585912	0.0611818648805149	0.802428007077666	0.0460096131430269
ENSG00000141076_CIRH1A	3558	0.569873230524784	0.108098703888834	0.261756800697191	0.0496417657597204	0.0106294991294711
ENSG00000153406_NMRAL1	5419	0.477810274636986	0.121405206728166	0.303208681460489	0.0770207196488081	0.0205551175255515
ENSG00000155393_HEATR3	4027	0.273146501121797	0.0215440207469503	0.631373748089038	0.0497744965272327	0.0241612335149819
ENSG00000159461_AMFR	5676	4.42201256478951e-05	8.16771547014604e-05	0.346875128813714	0.640686309130192	0.0123126647757442
ENSG00000161981_C16orf33	2864	0.273154287891947	0.0147285248219615	0.669078275119234	0.0360698432666507	0.00696906890020692
ENSG00000162076_FLYWCH2	3877	0.449019875362458	0.0352702746532886	0.472845579404597	0.037136042926087	0.00572822765356912
ENSG00000166451_CENPN	7630	0.00862547980217886	0.0030916342287575	0.686998896845574	0.246186195829572	0.0550977932939179
ENSG00000166501_PRKCB1	5034	0.453549799272405	0.0567570401610719	0.428028173183453	0.0535551642747212	0.00810982310834868
ENSG00000167515_TRAPPC2L	6712	0.230773565355924	0.278492098381131	0.210536157732213	0.254043917679647	0.0261542608510846
ENSG00000167526_RPL13	5023	0.275622195427001	0.076017201538124	0.370326380333476	0.101960748435455	0.176073474265944
ENSG00000168748_CA7	3104	0.706210386964951	0.0521800335142419	0.219916753241705	0.0162436229801508	0.00544920329895118
ENSG00000168807_SNTB2	3516	0.375260414646877	0.0697935627894571	0.458256413657594	0.0852182692136223	0.0114713396924488
ENSG00000169682_SPNS1	2467	0.0470425016240509	0.00348654952083562	0.871678280385789	0.0645911325424313	0.0132015359268934
ENSG00000171490_RSL1D1	7223	0.499074376474594	0.0694631645108221	0.372260373789154	0.0518052884547479	0.00739679677068173
ENSG00000174177_ILMN_138331	6703	0.119631791062981	0.145546523175086	0.322912723203906	0.392843264069563	0.0190656984884642
ENSG00000175643_C16orf75	6335	0.228255863491978	0.0279073301613388	0.654226220452122	0.0799782674666915	0.00963231842786987
ENSG00000178952_TUFM	2723	0.468500982615785	0.039524561389193	0.445536061925008	0.0375782914382986	0.00886010263171469
ENSG00000180185_FAHD1	5127	2.56119512400377e-05	4.09607542568913e-06	0.85519167868362	0.136761320837236	0.00801729245247887
ENSG00000182108_ILMN_32084	6999	0.290385695824531	0.0463744890795733	0.564937951418533	0.0902122939939962	0.00808956968336591
ENSG00000186153_WWOX	10211	0.202454527782646	0.0381996987249424	0.632314606196767	0.119299194479473	0.0077319728161712
ENSG00000187741_FANCA	4382	7.8245390334644e-08	2.06652608900186e-08	0.78276104707311	0.206723212481331	0.0105156415349072
ENSG00000197912_SPG7	5266	0.00229484075610995	0.00065224554310886	0.754537565905854	0.214428521179837	0.0280868266150897
ENSG00000002919_SNX11	4422	0.00575946396053533	0.0887105369366944	0.0546545985791696	0.841812123423575	0.00906327710002593
ENSG00000005156_LIG3	4870	0.304925472017427	0.0385152557073879	0.57623114277724	0.0727764294603074	0.00755170003763758
ENSG00000006282_SPATA20	3978	0.00944598972331354	0.00147538784282206	0.849780177994091	0.132722272832883	0.00657617160688931
ENSG00000007312_CD79B	2591	0.079558376493664	0.217059323279904	0.183582154804635	0.500848713852353	0.0189514315694437
ENSG00000011052_NME1	4219	0.563084410161491	0.088697650667783	0.288700083247915	0.045462286288844	0.0140555696339676
ENSG00000011295_TTC19	4295	0.104677872687039	0.0123765409346255	0.769186406452341	0.0909215692772995	0.0228376106486953
ENSG00000012048_BRCA1	3195	1.81105107941683e-06	3.83245279877804e-05	0.0449339232317702	0.950864324683324	0.00416161650583866
ENSG00000035862_TIMP2	5947	0.483030662518573	0.116205962687965	0.307168775148668	0.0738779590011415	0.0197166406436527
ENSG00000055483_USP36	6029	3.51095306075199e-05	8.51844267291374e-06	0.774890507893496	0.187970555464707	0.0370953086685162
ENSG00000068097_HEATR6	2139	0.0008340381268815	0.659633588654932	0.000356888051303922	0.282202720698106	0.0569727644687759
ENSG00000073584_SMARCE1	4232	0.0521800328469474	0.0103510073637307	0.770139332363008	0.152758769161864	0.0145708582644493
ENSG00000091640_SPAG7	5985	0.548951146889356	0.0724764025978452	0.328238051184033	0.0433292977376504	0.00700510159111502
ENSG00000108262_GIT1	2348	0.371782236560653	0.246482820741698	0.149281004925562	0.0988361541926161	0.133617783579471
ENSG00000108278_ZNHIT3	3536	0.25303183954418	0.0163194832448228	0.668310998835127	0.0430839785553295	0.0192536998205401
ENSG00000108352_RAPGEFL1	3731	0.129458311507392	0.0571715837787198	0.556015224744784	0.245536502418563	0.0118183775505406
ENSG00000108384_RAD51C	3174	0.0729449302878518	0.00784452523940652	0.816733709540924	0.0878171906719351	0.0146596442598825
ENSG00000108395_TRIM37	2765	0.591502845451877	0.0577191212496369	0.310266432405381	0.0302656960782155	0.0102459048148898
ENSG00000108433_GOSR2	3875	0.0888307751990237	0.0312285064735319	0.340688310234587	0.119349254300711	0.419903153792146
ENSG00000108559_NUP88	6299	0.327788919826124	0.0479209886160283	0.535011689774254	0.0782047767115223	0.0110736250720721
ENSG00000108592_FTSJ3	2648	0.00827974581020109	0.0226223731626875	0.258325575417945	0.705806262771784	0.00496604283738261
ENSG00000108639_SYNGR2	6305	0.392969107400619	0.109332131537695	0.380415388478441	0.105827971945713	0.0114554006375317
ENSG00000108651_UTP6	3503	0.323395854841107	0.0965754759685846	0.415513213344964	0.12404394623824	0.0404715096071051
ENSG00000108666_C17orf75	4198	0.0902882537038706	0.0277294542546808	0.669027504458382	0.205465169548111	0.00748961803495579
ENSG00000108771_DHX58	3512	0.00923719792895481	0.193619522093852	0.0164853741454563	0.34511191202659	0.435545993805147
ENSG00000108826_MRPL27	3875	0.00712814286351823	0.0172677776093152	0.284015228781932	0.688017404306642	0.00357144643859191
ENSG00000108960_MMD	4989	0.507334531076474	0.0919758117211441	0.331028267771537	0.0600031967697818	0.00965819266106287
ENSG00000125319_C17orf53	3894	0.281935521527163	0.0820953448089012	0.468822752269323	0.136483406956619	0.0306629744379946
ENSG00000125445_MRPS7	4614	0.230064385930625	0.359290085191144	0.145343305563371	0.226943355083674	0.0383588682311854
ENSG00000126581_BECN1	3078	0.0293375270985837	0.620508480658056	0.0117320206388306	0.24804977530786	0.0903721962966707
ENSG00000132141_CCT6B	4854	0.425818147828429	0.0535914649752086	0.454009117136612	0.0571299962192607	0.00945127384048959
ENSG00000132507_EIF5A	5015	1.81156595447863e-05	2.22805239640345e-06	0.884307070032618	0.108754370970553	0.00691821528488748
ENSG00000141560_ILMN_14939	3647	0.198234463383747	0.0218486617601336	0.691153816986606	0.0761637916286824	0.0125992662408306
ENSG00000141696_ILMN_21605	4325	0.026869355435666	0.562812275233403	0.0166803470481711	0.349346451960599	0.0442915703221602
ENSG00000141698_NT5C3L	4277	1.64485591152872e-05	0.000344559495829748	0.0455192564021407	0.953523169652021	0.000596565890892565
ENSG00000141720_PIP4K2B	3570	0.417416108059205	0.165794899311934	0.286205871455185	0.113662145846086	0.0169209753275896
ENSG00000159199_ATP5G1	4058	2.17642777183615e-07	5.98504900533703e-06	0.0128652406644359	0.35315261343275	0.633975943211032
ENSG00000161326_DUSP14	3713	0.397255287748373	0.0411590973061036	0.501673562212781	0.0519697949803093	0.00794225775243348
ENSG00000161664_ASB16	3879	0.520441203040336	0.14994367877951	0.23422568006094	0.0674545394477111	0.0279348986715032
ENSG00000166260_COX11	4793	0.0738477865321728	0.0126403035245883	0.755090531412498	0.129217371331093	0.0292040071996475
ENSG00000166750_SLFN5	4680	6.59774116922234e-05	8.01247092136606e-06	0.883658056319004	0.107304802258288	0.0089631515400945
ENSG00000167083_GNGT2	4139	0.00404174765181709	0.1111601850395	0.00534106883263503	0.146162120395432	0.733294878080616
ENSG00000167720_SRR	5424	0.000448621138766818	0.179340613637102	0.00188888285590926	0.755035796847896	0.0632860855203262
ENSG00000167895_TMC8	6204	0.468136565403744	0.131856696160112	0.301955692079329	0.0850366973948364	0.0130143489619793
ENSG00000168646_AXIN2	4838	0.454047539260929	0.0622365480326044	0.418498175645318	0.0573559152234099	0.00786182183773852
ENSG00000170291_C17orf81	5073	0.000209072295015388	2.65655717770096e-05	0.880780995371589	0.111908522344813	0.00707484441680616
ENSG00000172057_ORMDL3	3371	0.0280185692942948	0.0122209616851335	0.658940854892014	0.287399218551844	0.0134203955767143
ENSG00000172301_C17orf79	3508	0.150075433632832	0.0448986648169107	0.59957819946672	0.179352100801235	0.0260956012823021
ENSG00000176974_SHMT1	2910	0.00751248059056205	0.0897391343924885	0.0690777509165681	0.825148694549039	0.00852193955134276
ENSG00000177370_TIMM22	5895	0.000184993887987522	2.66917645511459e-05	0.865978951213978	0.124938534317947	0.00887082881553685
ENSG00000177602_GSG2	5925	0.286024788210421	0.0344263036101236	0.600477169577266	0.0722673837676531	0.0068043548345364
ENSG00000181031_RPH3AL	3268	0.534984274750491	0.0422132062957668	0.384360526223291	0.0303200408581101	0.00812195187234026
ENSG00000182534_MXRA7	5757	0.340941841055075	0.175785957309973	0.303933099191371	0.156681989739107	0.022657112704474
ENSG00000185262_FAM100B	5617	0.306635307922685	0.160063731086163	0.338690287846772	0.176778609032848	0.0178320641115311
ENSG00000185504_C17orf70	5960	0.39299544524551	0.0570966364037239	0.473578224276573	0.0687966325015895	0.00753306157260352
ENSG00000187607_ZNF286A	4695	0.435582029094084	0.0419422224635066	0.466954823946604	0.0449525425781667	0.0105683819176386
ENSG00000187624_ILMN_7731	4073	6.82268401012983e-09	6.74394884133323e-10	0.901009066793017	0.0890511840478577	0.00993974166204535
ENSG00000205309_NT5M	4027	0.0486450045493122	0.582645745879681	0.0239156796464472	0.286391751386777	0.058401818537782
ENSG00000213246_SUPT4H1	3553	0.573234116647621	0.0676951520948806	0.312737029347387	0.0369227606663765	0.00941094124373503
ENSG00000214087_ARL16	5990	0.0249501648424025	0.00349731742847431	0.837649233701912	0.117398561770416	0.0165047222567948
ENSG00000066926_FECH	5468	0.55443696232663	0.0578050394768307	0.345561368707142	0.0360217054610751	0.00617492402832223
ENSG00000082212_ME2	4664	0.463601897678475	0.0522380575906181	0.428423956301102	0.0482667837009798	0.00746930472882489
ENSG00000091164_TXNL1	4410	0.532213835652302	0.0919069480349719	0.312304386303348	0.0539215696434811	0.00965326036589666
ENSG00000101557_USP14	3637	0.497221786069831	0.03858745909964	0.425387760345639	0.0330069021918475	0.00579609229304232
ENSG00000101752_MIB1	2487	0.0424162016416079	0.391551087323603	0.0522414606829161	0.482218131996768	0.0315731183551054
ENSG00000132199_ENOSF1	5025	0.155431115895317	0.0157443771645531	0.742027577365137	0.0751519538779884	0.011644975697004
ENSG00000141428_C18orf21	4113	0.20306150379002	0.239673979492	0.241169480956315	0.284621442661236	0.0314735931004294
ENSG00000154889_MPPE1	5985	0.460992270488336	0.0639195243660475	0.410290390378728	0.056881468321951	0.0079163464449378
ENSG00000158270_COLEC12	3927	0.640989860449095	0.0519520523563809	0.279068138001828	0.0226130191024319	0.00537693009026419
ENSG00000166401_SERPINB8	5563	0.232715023909731	0.0266483527640757	0.657395921028268	0.0752708760123098	0.00796982628561514
ENSG00000167220_HDHD2	4369	0.489493704742599	0.125231377937218	0.29367916450274	0.0751179848119961	0.0164777680054464
ENSG00000168461_RAB31	6610	0.507678354923708	0.065202669044841	0.372517265215514	0.0478367558920236	0.00676495492391297
ENSG00000172466_ZNF24	3992	0.292351923680681	0.387132890322326	0.12116035765406	0.160401788586198	0.0389530397567347
ENSG00000176014_TUBB6	5771	0.338432202619096	0.0474890004285478	0.523558604766288	0.0734489719449824	0.0170712202410855
ENSG00000177150_C18orf19	5338	0.321247776259578	0.0374740661312193	0.566205453678799	0.0660397374314371	0.00903296649896696
ENSG00000197563_PIGN	5101	0.076576776283125	0.00984435544968014	0.803450433785426	0.103281016609467	0.00684741787230083
ENSG00000198795_ZNF521	4605	0.6092231124691	0.0666173938581079	0.28616377924899	0.0312847564863834	0.00671095793741826
ENSG00000215429_ILMN_33941	5565	1.10674139496286e-05	1.28078248339271e-06	0.887809822122272	0.102732828300537	0.00944500138075808
ENSG00000064666_CNN2	4422	0.546815002987377	0.100849076707895	0.28941999125979	0.0533681736675856	0.00954775537735204
ENSG00000065000_AP3D1	5213	0.482383107833445	0.127152862676654	0.298325077113843	0.0786229182590092	0.0135160341170483
ENSG00000065268_WDR18	4296	0.00104319227876645	0.000185801256796254	0.842753935434257	0.15009559246173	0.00592147856844917
ENSG00000073050_XRCC1	5163	0.000628820942523252	0.000224594763389545	0.732018847382255	0.261448080399238	0.00567965651259489
ENSG00000076924_XAB2	6508	0.362235314067097	0.111100960977252	0.393287877948552	0.120612309402397	0.0127635376047013
ENSG00000083828_ZNF586	4688	0.357026160291062	0.0292782244414515	0.560457923907947	0.0459535296699618	0.00728416168957726
ENSG00000095932_ILMN_32047	5799	0.536609442320737	0.0831828525388846	0.321970984082318	0.049902201483836	0.00833451957422477
ENSG00000104946_TBC1D17	4766	0.591077585544188	0.0626311478761101	0.307075687411152	0.0325313501301892	0.00668422903836017
ENSG00000104953_TLE6	6079	0.490679717443299	0.0962434520620681	0.336673709559218	0.0660258554840011	0.0103772654514133
ENSG00000105053_VRK3	4832	0.323018146265018	0.0316579327937607	0.580968570122988	0.05693137082428	0.00742397999395292
ENSG00000105132_ZNF550	5393	0.322553819138517	0.0339991218882907	0.575809130924893	0.0606868111798944	0.00695111686840471
ENSG00000105198_LGALS13	5082	0.59630543532798	0.0713639495410595	0.290802761376397	0.0347956230049552	0.00673223074960873
ENSG00000105404_RABAC1	3202	0.00301421712923996	0.422472252404087	0.00375189703928378	0.525820424493546	0.0449412089338433
ENSG00000105697_HAMP	5003	0.52839933159378	0.0874571715880324	0.321292056009876	0.053168458609262	0.00968298219904934
ENSG00000105698_USF2	5023	0.402589886236028	0.0671068375323877	0.446611134688557	0.0744353874865326	0.00925675405649517
ENSG00000118046_STK11	4847	0.532684367397484	0.126713865897956	0.265811583321685	0.0632191437788285	0.0115710396040462
ENSG00000121289_CCDC123	5871	0.00490643591197527	0.00723469394998698	0.396403013024801	0.58450174661205	0.00695411050118642
ENSG00000121406_ZNF549	5434	0.564992333118162	0.0597870852762101	0.333501108538131	0.0352844141209658	0.00643505894653103
ENSG00000125656_CLPP	6010	0.518098725505371	0.0869661251657754	0.330548499323988	0.0554757308110649	0.00891091919380116
ENSG00000125753_VASP	5272	1.97432744188649e-16	0.0005242358765274	3.763925232701e-13	0.999421116170205	5.46479528942901e-05
ENSG00000125910_EDG6	6015	0.465776157158392	0.0765397251770109	0.385330643825397	0.0633112912595789	0.00904218257962087
ENSG00000126246_TMEM149	4745	0.0155355310424158	0.00186614602297455	0.866625716580999	0.104088202679904	0.0118844036737063
ENSG00000129933_KIAA0892	4282	0.14070320494197	0.0303368103067179	0.674273575599578	0.145369813654117	0.00931659549761712
ENSG00000130312_MRPL34	5640	0.0509140258502987	0.370243354109403	0.0656813678218166	0.477594900277131	0.0355663519413513
ENSG00000141934_PPAP2C	2976	0.716906643797572	0.0392092048388704	0.227447419065428	0.0124355996457258	0.00400113265240409
ENSG00000141994_DUS3L	5896	0.0557438884409457	0.0139135614880972	0.736426069484756	0.183800337087956	0.0101161434982454
ENSG00000142046_BCKDHA	3799	0.00443958371362524	0.622295807528966	0.0021529677613	0.301711780093013	0.0693998609030961
ENSG00000160113_NR2F6	5606	0.0725403523868761	0.527380494972635	0.0423530008901334	0.307863537832369	0.0498626139179864
