gene	nsnps	PP.H0.abf	PP.H1.abf	PP.H2.abf	PP.H3.abf	PP.H4.abf
ENSG00000055950_MRPL43	3711	0.000731271604667441	9.95908343841683e-05	0.752371013176335	0.102319854394436	0.144478269990178
ENSG00000067057_PFKP	7805	0.265801741233963	0.0639041294164526	0.503703770215798	0.121055066870807	0.0455352922629788
ENSG00000078114_NEBL	5794	0.52219660548609	0.0604531144658934	0.366379627392639	0.0424060917582899	0.00856456089708813
ENSG00000089876_DHX32	5560	0.0993461156476514	0.0203016693553985	0.725193350782445	0.148188412229459	0.00697045198504619
ENSG00000095787_WAC	6579	0.328323171191716	0.252867413861216	0.22400026952567	0.172497857342043	0.0223112880793549
ENSG00000107951_PAPD1	6155	0.409408819974072	0.0854928197456968	0.409860479348963	0.0855774749275361	0.00966040600373238
ENSG00000119979_FAM45A	5354	0.18875989110503	0.0245162862697886	0.685101461942818	0.088968874668689	0.0126534860136749
ENSG00000120616_EPC1	5172	0.508391473534643	0.0834473793793607	0.340351387186148	0.055853322205455	0.0119564376943937
ENSG00000127884_ECHS1	4013	0.604000541508517	0.0725438492329155	0.279851445420508	0.0336017241549569	0.0100024396831022
ENSG00000134463_ECHDC3	6107	0.00636501655942344	0.502975575298223	0.0053744648904195	0.424639674823703	0.0606452684282309
ENSG00000138185_ENTPD1	5632	0.0377267372574218	0.00707426943287605	0.799656533664518	0.149940727692271	0.00560173195291281
ENSG00000148484_RSU1	5767	0.459223889891106	0.0457334983111173	0.444479472671368	0.0442588170276693	0.00630432209873948
ENSG00000151640_DPYSL4	7000	0.170507261316304	0.0316368741994032	0.667199884651956	0.123789144276446	0.00686683555589106
ENSG00000151893_C10orf46	5018	0.535009738094676	0.0564119648554419	0.363398463747409	0.0383102298917254	0.00686960341074829
ENSG00000156398_SFXN2	3395	0.474436223988371	0.0352135847833571	0.451087376069883	0.0334747995930407	0.00578801556534813
ENSG00000165730_STOX1	6015	0.192169433593179	0.0208423893441776	0.702936682621953	0.0762315681468748	0.00781992629381559
ENSG00000165983_PTER	5808	2.07539047717641e-09	2.32082176149128e-10	0.874000402968468	0.0977074919372864	0.028292102786774
ENSG00000166169_POLL	3362	0.273770066748268	0.0226075797625832	0.643839283155342	0.0531607970911348	0.00662227324267149
ENSG00000173915_USMG5	4073	9.19636770697361e-10	7.55515436762738e-11	0.917297310455353	0.0753519977206571	0.0073506908288013
ENSG00000183605_SFXN4	5397	0.562963905687082	0.0730993998857667	0.315806402142492	0.0409995096849171	0.00713078259974217
ENSG00000188690_UROS	5481	0.0101772100893789	0.00207212383458114	0.816109790726139	0.166157987665359	0.00548288768454248
ENSG00000197771_C10orf119	5730	0.114281246402344	0.0148919365174961	0.749387562372914	0.0976285369523852	0.0238107177548609
ENSG00000205703_C10orf139	6151	0.543326718294668	0.0752207650631798	0.328419346763916	0.0454603817469769	0.00757278813125974
ENSG00000014138_POLA2	3138	0.56370253175203	0.0473405309042658	0.351182997645466	0.0294845523449972	0.00828938735324094
ENSG00000066336_SPI1	2898	1.82407474838968e-07	0.0293373723652303	1.24593920051886e-06	0.19961867452125	0.771042524766845
ENSG00000074319_TSG101	5430	0.00524713525615232	0.000583833538396687	0.888982925915702	0.0989082768522429	0.00627782843750662
ENSG00000078124_PHCA	4441	0.00045040717860184	0.000391544126418382	0.53199184309183	0.462461906716724	0.00470429888642528
ENSG00000099834_MUPCDH	4879	0.272407826381467	0.249803148881779	0.221341393192758	0.202920733173008	0.0535268983709883
ENSG00000110074_FOXRED1	5940	0.0107153383388688	0.00164796754860989	0.766327659432768	0.117753956687772	0.103555077991982
ENSG00000110076_NRXN2	2994	0.68577470871014	0.0905408751203303	0.190133805576131	0.0250943667798012	0.00845624381359752
ENSG00000110080_ST3GAL4	5963	0.530318631559853	0.0812893701286555	0.32965141015462	0.050522073839682	0.00821851431719011
ENSG00000110315_RNF141	6627	0.476609334088617	0.0908030151577804	0.355372744235071	0.0676956522005057	0.00951925431802604
ENSG00000110455_ILMN_3829	5634	0.392524808743376	0.0569643688236999	0.473500732091709	0.0687075333350333	0.00830255700618175
ENSG00000110768_GTF2H1	5440	0.131456465647841	0.0154487301115763	0.733154649172666	0.0861263324227128	0.0338138226452032
ENSG00000120451_SNX19	5427	0.20098707895838	0.0786121409044049	0.507126414063597	0.19833758082594	0.0149367852476787
ENSG00000131626_PPFIA1	5273	0.00986485839020996	0.00195014102534981	0.820376844706272	0.162171099580536	0.00563705629763237
ENSG00000134627_PIWIL4	4633	0.55923699384221	0.103270710380389	0.275313743840127	0.0508290745591556	0.0113494773781188
ENSG00000134809_TIMM10	5302	0.00429910094574348	0.000876345533468298	0.665747225383401	0.135514953137133	0.193562375000254
ENSG00000149084_HSD17B12	6225	3.00162579901088e-05	3.89482447914265e-06	0.879800292020046	0.114154378435787	0.00601141846169796
ENSG00000149089_APIP	5685	2.76104093818143e-05	4.13593979526828e-06	0.865181739071007	0.129595915102349	0.00519059947746613
ENSG00000159063_ALG8	4163	0.182344535454465	0.0282165260180409	0.677374222399213	0.104811612581905	0.00725310354637606
ENSG00000165434_PGM2L1	4217	0.618825317201401	0.0511342905133802	0.299023384951388	0.0247023522519999	0.00631465508183079
ENSG00000165526_RPUSD4	5917	0.446967844758759	0.0689656607960203	0.411974255923264	0.0635577312182127	0.00853450730374408
ENSG00000166435_XRRA1	4289	0.000973330851391022	8.88997884725186e-05	0.900225995245583	0.0822062046635818	0.0165055694509719
ENSG00000166439_RNF169	4406	0.0106577652332195	0.000986361150418798	0.891715141955536	0.0825128516525881	0.0141278800082373
ENSG00000166788_SAAL1	5259	0.369393141938543	0.0425414732283547	0.521117408336113	0.0600079865439255	0.00693998995306388
ENSG00000166796_LDHC	5404	0.0794044285281686	0.00898058935537083	0.81102521729951	0.0917175537379912	0.00887221107895914
ENSG00000168000_BSCL2	4448	0.552675778643059	0.111056975593083	0.270670815561518	0.0543785044380039	0.0112179257643363
ENSG00000168002_POLR2G	4376	0.574676638900274	0.115970821454752	0.247214539439626	0.0498760949091291	0.0122619052962197
ENSG00000168071_CCDC88B	3174	0.350708137844439	0.048219981580956	0.517217337015834	0.0711011095563032	0.0127534340024677
ENSG00000172890_NADSYN1	5273	0.226456626455023	0.0247069826230354	0.669158660285857	0.0730002008758047	0.00667752976028011
ENSG00000173113_ILMN_22312	3213	0.588129326481272	0.0837812096550681	0.279549035049619	0.0398140732563741	0.00872635555766623
ENSG00000173715_C11orf80	2830	0.648919604769237	0.0512158402614579	0.271618119550052	0.021430585826598	0.006815849592655
ENSG00000173992_CCS	2609	0.387534162308283	0.0273288989725326	0.538714247624218	0.0379816736105894	0.00844101748437731
ENSG00000175390_EIF3F	6512	0.516578070141537	0.0854980736394799	0.334105288342336	0.0552887431280233	0.00852982474862458
ENSG00000175567_UCP2	3966	0.310888744001	0.0243024845606999	0.610248770585762	0.0476968946255064	0.00686310622703245
ENSG00000175575_PAAF1	3926	0.342305527872709	0.0269784758259936	0.577967396146951	0.0455447319186773	0.00720386823566949
ENSG00000175581_MRPL48	3899	0.482006809902905	0.0391875501351	0.436703470038203	0.0354977469153918	0.00660442300840096
ENSG00000176148_TCP11L1	4914	0.0635409753566641	0.00831575404277185	0.81484809286643	0.106634389092382	0.00666078864175092
ENSG00000177042_TMEM80	5403	0.285055178371945	0.264649327390266	0.221703059598161	0.205809526254085	0.0227829083855429
ENSG00000177685_EFCAB4A	5794	0.286223153308422	0.275695697013798	0.208264684815241	0.200575345825842	0.0292411190366962
ENSG00000177697_CD151	5811	0.000154641636553232	0.000148978594343608	0.507332318209755	0.488749979818283	0.00361408174106529
ENSG00000179057_IGSF22	5247	0.574046429010164	0.0532886944813469	0.335931902270978	0.0311789837088407	0.00555399052867084
ENSG00000182919_C11orf54	5116	0.138504723942711	0.0111723462080061	0.78056072973555	0.0629563513688135	0.00680584874491897
ENSG00000184524_CEND1	5699	0.236393191431727	0.226878287789593	0.261573194804654	0.251020653078841	0.0241346728951853
ENSG00000185187_SIGIRR	4172	0.330409139651107	0.297012178543232	0.183102114795863	0.164569686564573	0.0249068804452258
ENSG00000196655_TRAPPC4	4578	0.000172557599694416	2.1146771370496e-05	0.882771065701825	0.108173901598047	0.00886132832906395
ENSG00000197345_MRPL21	4674	0.000434862562900026	8.16322203515194e-05	0.836258742594279	0.156975896230413	0.00624886639205636
ENSG00000202477_SNORD25	4414	0.50202713911467	0.106335448640889	0.31287124135318	0.066257422145415	0.0125087487458449
ENSG00000205339_IPO7	5252	0.340157078022825	0.0357931583851339	0.558169693317339	0.0587264654479231	0.00715360482677923
ENSG00000213931_HBE1	8993	0.423876093979913	0.102809366975954	0.373028484310448	0.0904666733499427	0.00981938138374313
ENSG00000010626_LRRC23	5436	0.000146533987578288	0.000162957565519703	0.469358329638148	0.521955790548526	0.00837638826022688
ENSG00000076067_RBMS2	2794	0.276290240602915	0.0219103609230724	0.643390092614093	0.0510147085096643	0.0073945973502555
ENSG00000089127_OAS1	4137	0.00108329582185745	0.000697534740032832	0.467056132892085	0.30050702954875	0.230656006997274
ENSG00000089163_SIRT4	4965	0.507534941166008	0.0502042948610297	0.396300340726808	0.0391944348464951	0.00676598839965897
ENSG00000110906_KCTD10	3919	1.50955225318174e-05	1.6710314443114e-06	0.893965337621626	0.0989523567758505	0.00706553904854726
ENSG00000110931_CAMKK2	5060	0.286925106279474	0.0427596952992007	0.576989955174164	0.0859799529069653	0.00734529034019651
ENSG00000111321_LTBR	5089	0.29342066971944	0.325413834025721	0.162476639673599	0.18015376801795	0.0385350885632901
ENSG00000111358_GTF2H3	4779	0.567715485729925	0.0811190902451016	0.299937393290298	0.0428487367893225	0.00837929394535273
ENSG00000111364_DDX55	4713	0.288651488502289	0.0410645329076829	0.578532765190975	0.0822945629741585	0.00945665042489425
ENSG00000111371_SLC38A1	3869	0.0145335221915581	0.00352750542934548	0.784807975443465	0.190478100756897	0.00665289617873484
ENSG00000111581_NUP107	5265	0.453284723342514	0.0920298404682842	0.369019579910782	0.0749108369073015	0.0107550193711184
ENSG00000111666_CHPT1	4806	0.0401880625171451	0.00426198716150379	0.855995483081036	0.0907704556604048	0.00878401157990987
ENSG00000111711_GOLT1B	5832	0.54546260559243	0.0712700650825133	0.332630596816142	0.0434542831772144	0.00718244933170072
ENSG00000111725_PRKAB1	4781	0.610284265835534	0.0572461105916089	0.298681733079364	0.0280112778663138	0.0057766126271791
ENSG00000111780_ILMN_16367	4944	0.408060504128264	0.0478086785372713	0.479467935144326	0.0561663308292353	0.00849655136090383
ENSG00000123297_TSFM	4047	0.190597023144492	0.0353740244005838	0.64522969240567	0.119742923555848	0.00905633649340642
ENSG00000123427_FAM119B	4051	0.00132211831752955	0.000244569811166803	0.835608229874311	0.154565309234021	0.00825977276297231
ENSG00000127337_YEATS4	5551	0.0966566869767872	0.0129135000666796	0.780371415220019	0.104253161604918	0.00580523613159597
ENSG00000134545_KLRC1	6150	0.549552007933599	0.0667094035003744	0.336267918923415	0.0408124671283929	0.00665820251421828
ENSG00000135426_KIAA0748	4556	0.503997339561724	0.073271942978528	0.360390862506313	0.0523842470092923	0.00995560794414221
ENSG00000136026_CKAP4	4764	0.518783075630611	0.158907089807482	0.234424748905749	0.0717899378114625	0.0160951478446951
ENSG00000136048_ILMN_20048	4702	0.60739989791641	0.0615113046197619	0.295093418164907	0.0298779526864951	0.00611742661242606
ENSG00000139187_KLRG1	5650	0.24954725683544	0.0272110901678538	0.646342510951918	0.0704719445861575	0.00642719745862985
ENSG00000139190_VAMP1	5025	0.0774298925755312	0.085758875192339	0.390019022371679	0.43195777394118	0.0148344359192706
ENSG00000139192_TAPBPL	5036	0.0174205637564603	0.0192994695027276	0.452999191083249	0.501849269271482	0.00843150638608096
ENSG00000139197_PEX5	5191	0.0272164117094928	0.0307869884049617	0.438972982145228	0.496556277802649	0.00646733993766931
ENSG00000150045_KLRF1	5981	0.549852240586529	0.0699690902383693	0.331332809679522	0.0421556464078735	0.00669021308770596
ENSG00000155957_TMBIM4	4161	0.607764453206295	0.0488192911041564	0.3127719319305	0.0251181939455716	0.005526129813477
ENSG00000157895_C12orf43	4866	0.407533491593447	0.0596103311920118	0.457434031768345	0.066900811751033	0.00852133369516346
ENSG00000165714_LOH12CR1	5421	0.475416854204266	0.0543875157280269	0.415634121536739	0.0475413726530568	0.0070201358779109
ENSG00000166888_STAT6	3086	0.211667561384833	0.016035740656569	0.711703704659269	0.0539113394050148	0.00668165389431348
ENSG00000166896_XRCC6BP1	4111	0.270758911828043	0.0602564951648642	0.538349698776671	0.119797096879031	0.0108377973513907
ENSG00000171840_NINJ2	4477	0.633732784478329	0.0634549412526084	0.269667426543745	0.0269953424929468	0.00614950523237034
ENSG00000176422_SPRYD4	2930	0.00250340324429763	0.000207120792636235	0.655763710358815	0.0539675042344461	0.287558261369805
ENSG00000177627_C12orf54	4980	0.350143878872578	0.0776320836524942	0.455855777211615	0.101054663533567	0.0153135967297458
ENSG00000184752_NDUFA12	7033	0.234966101983181	0.045874194595537	0.5489299507257	0.107108590699282	0.0631211619962997
ENSG00000185163_DDX51	6056	0.415693721304464	0.143720823794376	0.315463593596746	0.109051459910548	0.0160704013938652
ENSG00000185480_C12orf48	4618	0.461698577597975	0.0544758647201019	0.424556468233275	0.0500842784390743	0.00918481100957338
ENSG00000186081_KRT5	5136	0.552387382812976	0.080626546624004	0.313071256028464	0.0456877011539758	0.00822711338057998
ENSG00000186611_ILMN_34849	5634	0.503007432515397	0.0613445306041489	0.380461223378394	0.0463905482623651	0.00879626523969461
ENSG00000032742_IFT88	5822	0.33287327113697	0.0400425390226156	0.55382258398771	0.0666146902533093	0.00664691559939493
ENSG00000102796_DHRS12	3795	0.262700841365991	0.0676693836351838	0.522223349747409	0.134507157895594	0.0128992673558212
ENSG00000122034_GTF3A	6211	0.377914827803685	0.122873858904547	0.365978967349363	0.11897882292615	0.0142535230162546
ENSG00000136111_TBC1D4	6017	0.0170436910945733	0.00232077502844858	0.858351459995069	0.116873064605856	0.00541100927605248
ENSG00000139617_ILMN_28859	4752	0.00133822153780467	0.00013752245154167	0.897705340099991	0.0922441918358812	0.00857472407478089
ENSG00000151287_C13orf27	5778	0.454669751692179	0.0691881497877504	0.406312295466659	0.06182147528033	0.00800832777308203
ENSG00000169062_UPF3A	2890	0.704840261966642	0.0380452339930036	0.239989444575858	0.0129497591830634	0.00417530028143223
ENSG00000174032_SLC25A30	4439	0.50755088508154	0.107410196281046	0.303153209641093	0.0641368940156541	0.0177488149806666
ENSG00000089916_C14orf118	4844	0.0457335768329082	0.00901355189552659	0.780015935128953	0.153720480854037	0.0115164552885745
ENSG00000092020_PPP2R3C	5452	0.242290971337935	0.0363355192757046	0.620940214681433	0.0931128854945781	0.00732040921034865
ENSG00000092094_OSGEP	5503	0.0633980490749272	0.00973588928190649	0.792550664259379	0.121697523528309	0.012617873855478
ENSG00000092203_TOX4	7124	0.37204060358452	0.05832388900942	0.483806279557792	0.0758351246260798	0.00999410322218882
ENSG00000100439_ABHD4	6399	0.511376016896685	0.0622606339296158	0.374224103260789	0.0455556428818022	0.00658360303110819
ENSG00000100445_C14orf124	5900	0.252951170204463	0.0253034752325809	0.648533001718148	0.0648663835416219	0.008345969303187
ENSG00000100490_CDKL1	4531	0.0650067684911853	0.00839419910197396	0.80503430346893	0.103934902872948	0.017629826064963
ENSG00000100744_C14orf129	6146	0.114952573756881	0.0139009734492333	0.757148582894949	0.0915379288694676	0.0224599410294692
ENSG00000100814_CCNB1IP1	5230	0.361566765884885	0.0534671464525076	0.498636181112908	0.0737238549221422	0.012606051627557
ENSG00000100908_C14orf122	5484	0.492967480365738	0.0477319234717778	0.413667310888701	0.0400480434711227	0.00558524180266028
ENSG00000100931_CHMP4A	5570	0.570832049675264	0.0543444136572628	0.337079134190638	0.0320849842555335	0.00565941822130187
ENSG00000119599_WDR21A	5673	0.383414619234012	0.0470489822354883	0.500394361992893	0.0613958734881171	0.007746163049489
ENSG00000119632_FAM14A	6505	0.543332422826467	0.0604458967655694	0.350948474694966	0.0390368878916486	0.00623631782134869
ENSG00000119684_MLH3	3856	0.000231007058366024	0.000847540299881288	0.212733972120337	0.780492597251713	0.00569488326970193
ENSG00000119718_EIF2B2	3903	0.00126367837017261	0.00463696480163238	0.211601065206769	0.776446813832934	0.00605147778849298
ENSG00000125375_ATP5S	4541	0.557699793544823	0.0720664723519022	0.320095847286462	0.0413542916568564	0.00878359515995618
ENSG00000129514_FOXA1	4694	0.609707310272264	0.0809808393338797	0.266153845317916	0.0353425262715017	0.00781547880443857
ENSG00000134007_ADAM20	5192	0.57883564088359	0.067510684747286	0.310639874357789	0.0362237201833139	0.00679007982802128
ENSG00000139998_RAB15	4814	0.534997356471047	0.0494059609251579	0.375031359879884	0.0346274757350035	0.0059378469889075
ENSG00000140092_FBLN5	5492	0.00270375090847318	0.493203431281122	0.00235313112377682	0.429172723667882	0.0725669630187459
ENSG00000140104_C14orf79	4451	0.393148501226689	0.255802018048056	0.199195257137773	0.129584096430154	0.0222701271573277
ENSG00000155465_SLC7A7	6267	0.488556813094072	0.0589990844663396	0.397697381768018	0.0480199935848773	0.00672672708669246
ENSG00000157326_DHRS4	5312	0.534607847649768	0.048164757180723	0.37754744697728	0.0340089458571159	0.0056710023351127
ENSG00000165501_PPIL5	4361	0.53852378960034	0.0481247910529219	0.374088515546489	0.0334243124876829	0.00583859131256612
ENSG00000165819_METTL3	7072	0.416594942855966	0.0650831988989382	0.44109080233187	0.0689017737158187	0.00832928219740629
ENSG00000166166_C14orf172	5110	0.38229020282105	0.0870749114641545	0.396573445856718	0.0902844538506391	0.0437769860074379
ENSG00000177465_ACOT4	5313	0.498412933928028	0.0468563358770382	0.409805800825882	0.0385198789617747	0.0064050504072775
ENSG00000182512_GLRX5	6899	0.30016978695173	0.0389228383439926	0.578992882955111	0.0750708202547821	0.00684367149438434
ENSG00000183648_NDUFB1	5762	0.00218068122463233	0.397796784449387	0.00309437736179145	0.564439452673181	0.0324887042910082
ENSG00000184990_SIVA1	4975	0.236563478006008	0.154916765605345	0.358515740712656	0.23476359965666	0.0152404160193303
ENSG00000187630_DHRS4L2	5374	0.558740582535137	0.0508790465464633	0.352685540034561	0.0321100419770343	0.00558478890680431
ENSG00000197195_CHURC1	4841	4.96357260028265e-09	4.67503969877658e-10	0.908356311499738	0.0855492536812393	0.00609442938794742
ENSG00000198805_NP	5515	0.444570080191903	0.0683903608353674	0.415108083884549	0.0638499982893601	0.00808147679882027
ENSG00000198894_KIAA1737	6417	0.268114740641999	0.0614328273197323	0.53720160268558	0.123078223110622	0.0101726062420669
ENSG00000205659_LIN52	4595	6.61745319183268e-05	0.000242236006608439	0.213807389404474	0.78265206880291	0.0032321312540882
ENSG00000051180_RAD51	3917	0.000503719118054839	0.000128240830594147	0.790819416574411	0.201325891689414	0.00722273178752566
ENSG00000064726_BTBD1	2658	0.649964713534903	0.06179174479562	0.255913330752216	0.0243215139591804	0.0080086969580813
ENSG00000074696_PTPLAD1	4095	0.0763828057440425	0.00586459724788363	0.820651178317908	0.0629746694707471	0.0341267492194191
ENSG00000103657_HERC1	4537	0.433237735095629	0.179858416264342	0.259912382044239	0.10788337965839	0.0191080869373992
ENSG00000103671_TRIP4	3785	0.406898710164341	0.139295470453957	0.318864179324508	0.109132403262781	0.0258092367944122
ENSG00000103811_CTSH	5837	0.258507002036056	0.0329107696403836	0.616197352698659	0.0784347145480176	0.0139501610768838
ENSG00000103932_RPAP1	3988	0.145017965311309	0.0135702246712951	0.760708182963711	0.0711746234560649	0.00952900359762024
ENSG00000104047_DTWD1	4529	0.0561340347197955	0.0777355692779432	0.358746013612037	0.496788284180568	0.0105960982096566
ENSG00000104055_TGM5	2289	0.132563888474187	0.00496410994629123	0.822660233185799	0.0307970810977644	0.0090146872959584
ENSG00000136371_MTHFS	5931	0.412621835983558	0.0590531783288716	0.454276786407266	0.0650056652174775	0.00904253406282721
ENSG00000137806_NDUFAF1	4053	0.148234343157513	0.014319119465951	0.753201119452404	0.0727461126056185	0.0114993053185138
ENSG00000140264_SERF2	2178	0.662953984996877	0.0207660676136375	0.303030331909978	0.0094882222192302	0.00376139326027756
ENSG00000140400_MAN2C1	3094	0.313644908603985	0.0203008873816224	0.606857346719457	0.0392593312090462	0.0199375260858892
ENSG00000140471_LINS1	7177	0.380859857134312	0.059030530736635	0.475237692285308	0.0736471897132749	0.0112247301304707
ENSG00000166140_ZFYVE19	3733	0.163816036701037	0.0337435518545089	0.65775671125327	0.135478431600147	0.00920526859103689
ENSG00000166762_CATSPER2	2077	0.410110357502954	0.0118801084875127	0.556109879291675	0.0161036378857611	0.00579601683209767
ENSG00000166938_DIS3L	5239	0.129476117619625	0.0139061706158756	0.766111148397	0.0822746828082446	0.00823188055925512
ENSG00000168803_ADAL	2236	0.655399009896511	0.0229584679317414	0.306815710178055	0.0107435964982558	0.00408321549543643
ENSG00000168970_PLA2G4B	3697	0.137107550974924	0.00933559422463534	0.782749015475546	0.0532795157579003	0.0175283235669954
ENSG00000169118_CSNK1G1	3788	0.478039893092433	0.174488713301167	0.238378705594081	0.0869881936387706	0.0221044943735485
ENSG00000171763_SPATA5L1	3915	0.331179840246825	0.0295391579736479	0.580449078819201	0.0517653390737768	0.0070665838865484
ENSG00000172345_STARD5	4531	0.408072192162376	0.260918369759686	0.188237411445228	0.120335184837383	0.0224368417953272
ENSG00000188659_ILMN_4387	2803	0.464602262511468	0.275454055348092	0.147439783044769	0.087389195204516	0.0251147038911556
ENSG00000047578_KIAA0556	4589	0.613773305154608	0.066508031964883	0.282194512796085	0.0305714408437813	0.00695270924064221
ENSG00000063854_HAGH	5770	0.123720880394955	0.0144857345047928	0.765672280384829	0.0896414871276132	0.00647961758780938
ENSG00000070761_C16orf80	6049	0.515161386952685	0.0677108964390108	0.360752351921416	0.0474069788488178	0.00896838583807003
ENSG00000086504_MRPL28	4457	0.464762118758083	0.0827962649482965	0.373852263120871	0.0665888901422294	0.0120004630305199
ENSG00000090857_ILMN_138245	2966	0.231404985552441	0.490715836387446	0.0716970831602028	0.151986150314618	0.0541959445852916
ENSG00000090857_ILMN_8209	2966	0.212643273807834	0.450929878237772	0.0861853479816647	0.182696516984818	0.0675449829879114
ENSG00000103042_ILMN_16502	5740	0.396840060128671	0.0491328345328382	0.475853467527897	0.0588962203635601	0.0192774174470335
ENSG00000103111_MON1B	8615	0.0453274565997359	0.0135778912534054	0.719371677943773	0.215482364898669	0.00624060930441661
ENSG00000103126_AXIN1	4200	0.539594562080772	0.0915834467030785	0.303639979942829	0.05152206311915	0.0136599481541708
ENSG00000103174_NAGPA	7076	0.365075513491645	0.0669754831657366	0.468843023122374	0.0859992025722212	0.013106777648023
ENSG00000103202_DECR2	4531	0.330652426334289	0.05942872545504	0.478183338215158	0.0858988716434277	0.0458366383520853
ENSG00000103248_MTHFSD	7677	0.440484446244376	0.10058033985304	0.364931055255726	0.0833177713448602	0.0106863873019985
ENSG00000103275_UBE2I	6711	0.0574753776133521	0.0103102578862655	0.717821169205557	0.128681103857426	0.0857120914373991
ENSG00000103540_ILMN_12815	5035	0.0110571550283735	0.285471713986933	0.0251374744834483	0.648965595623589	0.0293680608776569
ENSG00000118894_FAM86B1	7269	0.20312808623288	0.0370850704222264	0.636617274610277	0.116220190347928	0.00694937838668757
ENSG00000125124_BBS2	5747	5.1239642141405e-05	7.26235374426158e-06	0.840290190529108	0.11905634554	0.0405949619350058
ENSG00000125170_DOK4	5852	0.503667599968975	0.0627604154192955	0.37916661320221	0.0472395782085253	0.00716579320099465
ENSG00000127561_SYNGR3	5411	0.0762884439293805	0.00833454001031941	0.815116633815246	0.0890405663746937	0.0112198158703605
ENSG00000127586_CHTF18	5591	0.379949927651768	0.0735734041629277	0.449970517420152	0.0871227894071989	0.0093833613579533
ENSG00000129925_TMEM8	4475	0.17670994917502	0.0315775723614963	0.659778590788855	0.117886536574518	0.0140473511001109
ENSG00000130731_C16orf13	5328	0.504991938970362	0.0963379598729083	0.322782320125494	0.061563272685258	0.0143245083459781
ENSG00000131148_COX4NB	8267	0.435183132787076	0.0918097067537878	0.381593974645987	0.0804931902784303	0.0109199955347193
ENSG00000132603_NIP7	3679	0.107884975848096	0.0177535370230262	0.744248621836068	0.122465805413309	0.007647059879501
ENSG00000135698_MPHOSPH6	8915	0.0802832951134416	0.0775870704674566	0.423355700729766	0.409128127361885	0.00964580632745076
ENSG00000140829_DHX38	3686	0.0752284623056965	0.0152047759526452	0.750216589033135	0.151622051387581	0.00772812132094201
ENSG00000141076_CIRH1A	3893	0.572522445005435	0.0902519152573052	0.282517750775764	0.0445256579340803	0.0101822310274153
ENSG00000153406_NMRAL1	5646	0.517078863356424	0.0796555082082963	0.341872984438995	0.0526564726546552	0.00873617134163055
ENSG00000155393_HEATR3	4243	0.265210287770444	0.0239484060873749	0.644404004935391	0.0581812241435577	0.00825607706323197
ENSG00000159461_AMFR	5900	0.000103093416823716	1.84883845292961e-05	0.833281737894261	0.149420427680639	0.0171762526237467
ENSG00000161981_C16orf33	3372	0.228753225149024	0.034183783437574	0.634790614900561	0.0948526413364384	0.00741973517640252
ENSG00000162076_FLYWCH2	4079	0.442505441867776	0.0341595868604136	0.480726528974749	0.0371045925895696	0.00550384970749164
ENSG00000166451_CENPN	7876	0.00626318778303397	0.00597666405664268	0.503184807676577	0.480161063442749	0.00441427704099643
ENSG00000166501_PRKCB1	5344	0.413302855280887	0.0823686314514458	0.412074607274793	0.0821137092357592	0.0101401967571143
ENSG00000167515_TRAPPC2L	7175	0.443351213934088	0.0625930766425595	0.426700461987893	0.0602351751582361	0.00712007227722279
ENSG00000167526_RPL13	5281	0.326187007655975	0.0759397188745813	0.459994066590037	0.107060571521006	0.0308186353584018
ENSG00000168748_CA7	3229	0.699461342060591	0.0520642046868625	0.226472219889863	0.0168522448426192	0.00514998852006421
ENSG00000168807_SNTB2	3855	0.375689067454656	0.0591949336912612	0.480658181034147	0.0757255160948235	0.00873230172511194
ENSG00000169682_SPNS1	2628	0.0433102741298686	0.00308762463122349	0.859758888469513	0.0612603268054356	0.0325828859639593
ENSG00000171490_RSL1D1	7482	0.374961017142387	0.179428475670045	0.289336357982215	0.138437040318965	0.0178371088863877
ENSG00000174177_ILMN_138331	7163	0.2243618548579	0.0310795356058346	0.647703326920313	0.0897154140110954	0.00713986860485757
ENSG00000175643_C16orf75	6538	0.172842667166077	0.0763794160794486	0.50904315308812	0.22493007578784	0.0168046878785133
ENSG00000178952_TUFM	2893	0.458066659076694	0.0356811831329134	0.460607594144165	0.0358693344886201	0.0097752291576071
ENSG00000180185_FAHD1	5687	2.57260343796648e-05	2.97047200029831e-06	0.890176919801962	0.102777795737169	0.00701658795448946
ENSG00000182108_ILMN_32084	7209	0.226336248122378	0.100147562877029	0.449799210614328	0.198999057991451	0.0247179203948136
ENSG00000186153_WWOX	10565	0.09266401989949	0.142969182000663	0.293557624911484	0.452905394273292	0.0179037789150713
ENSG00000187741_FANCA	4621	8.08179738002621e-08	1.81258600429036e-08	0.812575849392152	0.182239375881091	0.00518467578292234
ENSG00000197912_SPG7	5532	0.00243011511280386	0.000573026131152802	0.801961830568295	0.189098308870327	0.00593671931742091
ENSG00000002919_SNX11	4654	0.0530815625553345	0.0377468720416056	0.526419818337113	0.374334397110756	0.00841734995519116
ENSG00000005156_LIG3	5063	0.2811960814081	0.047617511282875	0.538185157652897	0.0910939210530884	0.0419073286030393
ENSG00000006282_SPATA20	4139	0.00951602100723265	0.00138354526421503	0.856866649812509	0.124573169388984	0.00766061452705895
ENSG00000007312_CD79B	2795	0.0525906516217062	0.0166519217916978	0.70135051488679	0.222063187107954	0.00734372459185278
ENSG00000011052_NME1	4390	0.569759424557101	0.077310120165538	0.303469740547174	0.0411692320423405	0.00829148268784699
ENSG00000011295_TTC19	4605	0.100127048460719	0.0131317092738773	0.778186754741827	0.102053055712338	0.00650143181123964
ENSG00000012048_BRCA1	3339	3.40314523204956e-05	5.11400166238728e-06	0.862858904374291	0.129656779259446	0.007445170912279
ENSG00000035862_TIMP2	6266	0.512103320713803	0.0813653666872473	0.34315526168307	0.0545132474194624	0.00886280349641759
ENSG00000055483_USP36	6348	3.76947380624779e-05	5.96518932968914e-06	0.855716599247689	0.135408252950001	0.00883148787491707
ENSG00000068097_HEATR6	2310	0.607315084845155	0.062605954480635	0.292569199815099	0.0301525621959457	0.00735719866316561
ENSG00000073584_SMARCE1	4471	0.0523049798453826	0.010639719931734	0.773847100637433	0.157407823433771	0.00580037615168027
ENSG00000091640_SPAG7	6330	0.234016166455663	0.358774228799676	0.147882867921771	0.226689142763666	0.0326375940592233
ENSG00000108262_GIT1	2471	0.584363286004474	0.0618579844569419	0.250565451974367	0.0264469291075894	0.0767663484566274
ENSG00000108278_ZNHIT3	3800	0.243690925482078	0.0211024519610511	0.666202250694084	0.0576785572362298	0.0113258146265568
ENSG00000108352_RAPGEFL1	3924	0.156762605210908	0.0179581727558016	0.731756417786181	0.0838177367391071	0.00970506750800278
ENSG00000108384_RAD51C	3318	0.0140851211263192	0.0637649370429852	0.163655038337768	0.740867248149922	0.0176276553430057
ENSG00000108395_TRIM37	2912	0.11200329435543	0.504856849610457	0.0614367357144261	0.276882362693847	0.0448207576258402
ENSG00000108433_GOSR2	4870	0.101653337904513	0.094145421449423	0.410618761146139	0.380277959102013	0.0133045203979125
ENSG00000108559_NUP88	6654	0.137402995345243	0.209182332681402	0.236603399827373	0.360148374641028	0.0566628975049539
ENSG00000108592_FTSJ3	2857	0.0227004605363146	0.00726785004061446	0.730476413112893	0.233865910737759	0.0056893655724191
ENSG00000108639_SYNGR2	6576	0.421825760966114	0.0744681700180068	0.420705671959154	0.0742616933230831	0.00873870373364239
ENSG00000108651_UTP6	3687	0.373429444183869	0.0391768304123033	0.517735439310597	0.0543007490802347	0.0153575370129961
ENSG00000108666_C17orf75	4387	0.099330795514295	0.0155677295194	0.751408943840058	0.117749460252374	0.0159430708738731
ENSG00000108771_DHX58	3702	0.280993060458676	0.0597518362561028	0.536494387127435	0.114074290284048	0.00868642587373927
ENSG00000108826_MRPL27	4047	0.0196555649590193	0.00288320769401157	0.843477043328515	0.12371649906621	0.0102676849522437
ENSG00000108960_MMD	5240	0.529687963694026	0.0605870674363532	0.361289389587268	0.0413180892568039	0.00711749002554818
ENSG00000125319_C17orf53	4070	0.320132832363994	0.0448277863252122	0.549799989582468	0.0769795213347024	0.00825987039362312
ENSG00000125445_MRPS7	4838	0.170177758778368	0.406490970847184	0.111970288139179	0.267411159813912	0.0439498224213575
ENSG00000126581_BECN1	3218	0.608725863746403	0.09048212082862	0.253314007296796	0.0376432205216374	0.00983478760654352
ENSG00000132141_CCT6B	5041	0.396897752611715	0.0665964729398095	0.435861308725888	0.0731067283577886	0.0275377373647984
ENSG00000132507_EIF5A	5239	1.8259462778636e-05	1.91035460745901e-06	0.891327440751882	0.0932376839117781	0.0154147055189537
ENSG00000141560_ILMN_14939	4265	0.190017165513707	0.0196352276994779	0.709126959116054	0.073268950800013	0.0079516968707487
ENSG00000141696_ILMN_21605	4550	0.513670922099869	0.0850806077712353	0.333185057677112	0.0551733897292613	0.0128900227225225
ENSG00000141698_NT5C3L	4496	0.00030214772217453	4.96873252727714e-05	0.85293074891704	0.140255550542164	0.00646186549334801
ENSG00000141720_PIP4K2B	3733	0.529058601545444	0.0522226124003522	0.373639139946941	0.0368731747708397	0.0082064713364222
ENSG00000159199_ATP5G1	4251	1.46277735603152e-05	2.01542176585569e-06	0.868630052791293	0.119668587038218	0.0116847169751632
ENSG00000161326_DUSP14	3914	0.390264683831481	0.0364485928454953	0.517670623133597	0.0483403369016025	0.00727576328782484
ENSG00000161664_ASB16	4054	0.590604387926139	0.0823774152294436	0.277565680042202	0.0387040727555866	0.0107484440466293
ENSG00000166260_COX11	5048	0.0748649042255565	0.00829446789424073	0.8155947977968	0.0903508698080815	0.0108949602753215
ENSG00000166750_SLFN5	4946	6.2951752753388e-05	1.07919132741658e-05	0.843187033954293	0.144536613688503	0.012202608691177
ENSG00000167083_GNGT2	4331	0.351270268890293	0.0509656133898331	0.478933649714364	0.0694388326536993	0.0493916353518103
ENSG00000167720_SRR	5775	0.15607642386712	0.0313997824581343	0.662760730130927	0.133319150485382	0.016443913058437
ENSG00000167895_TMC8	6474	0.503446798711516	0.0886382243822871	0.33861919480967	0.0596085370569246	0.00968724503960186
ENSG00000168646_AXIN2	5071	0.369926224972417	0.0575320068449905	0.488164978541066	0.0759123786950091	0.00846441094651728
ENSG00000170291_C17orf81	5290	0.000178660125140235	1.78128875561808e-05	0.889411797963249	0.0886549746036647	0.0217367544203892
ENSG00000172057_ORMDL3	3543	0.0341711018893238	0.00424460355558393	0.833837738505701	0.103551939425081	0.0241946166243102
ENSG00000172301_C17orf79	3692	0.170588986669819	0.0179029296857076	0.721010887222499	0.0756536240618271	0.0148435723601481
ENSG00000176974_SHMT1	3191	0.0832216699440997	0.00919756279405567	0.804120718950329	0.0888558884836714	0.0146041598278444
ENSG00000177370_TIMM22	6459	0.000175433858409301	3.61851196036383e-05	0.821238051761471	0.169380008002099	0.00917032125841748
ENSG00000177602_GSG2	6276	0.263365285816059	0.043584435808234	0.583747785487219	0.0965919646320686	0.0127105282564197
ENSG00000181031_RPH3AL	3596	0.497558670708381	0.0545922187987821	0.396824847739809	0.0435321951853192	0.00749206756770872
ENSG00000182534_MXRA7	6070	0.453269905084488	0.0585154084799059	0.423744121210539	0.0546939662824021	0.00977659894266506
ENSG00000185262_FAM100B	5904	0.411212379476356	0.0443730413662054	0.485914344700141	0.0524278970515233	0.0060723374057738
ENSG00000185504_C17orf70	6629	0.374186996179543	0.0528022562220438	0.495696452808538	0.0699413194613157	0.00737297532855972
ENSG00000187607_ZNF286A	4991	0.388072802457069	0.0520168710483313	0.484995297021176	0.064998343786234	0.00991668568718892
ENSG00000187624_ILMN_7731	4473	6.48655372821937e-09	8.27950097653927e-10	0.856620366010623	0.109305792203381	0.0340738344714932
ENSG00000205309_NT5M	4249	0.573697991482908	0.0785713045169469	0.297401849213474	0.0407213198962041	0.00960753489046701
ENSG00000213246_SUPT4H1	3701	0.109260443303459	0.496800396118141	0.0629191892074226	0.286044639322573	0.0449753320484046
ENSG00000214087_ARL16	6663	0.0237128706570299	0.00326478250158019	0.845600348306351	0.116411047787309	0.0110109507477296
ENSG00000066926_FECH	5765	0.436276887834998	0.15530093305867	0.288999986765374	0.102858396694079	0.0165637956468784
ENSG00000082212_ME2	4862	0.444521311364103	0.0581733546919618	0.432155539391545	0.0565464747662869	0.00860331978610347
ENSG00000091164_TXNL1	4642	0.478106786611825	0.131669474509065	0.294909138464381	0.0812031654933236	0.0141114349214066
ENSG00000101557_USP14	3847	0.4368949341505	0.0826125895276791	0.391246277442199	0.0739655912131788	0.0152806076664437
ENSG00000101752_MIB1	2616	0.399836400043926	0.0223000580671876	0.540901157075703	0.0301608550669818	0.00680152974620151
ENSG00000132199_ENOSF1	5311	0.13748733376594	0.0285189391816727	0.684068784291243	0.141888060168027	0.00803688259311835
ENSG00000141428_C18orf21	4317	0.409669367218698	0.028843268095215	0.51870712403461	0.0365139371547259	0.00626630349675108
ENSG00000154889_MPPE1	6297	0.42102554796715	0.0715037551740926	0.426476534243164	0.0724209357168151	0.00857322689877815
ENSG00000158270_COLEC12	4157	0.565998995544883	0.109065702518354	0.260479144560436	0.050178993701611	0.0142771636747157
ENSG00000166401_SERPINB8	5836	0.209081272428357	0.0394613430658215	0.624306457678043	0.117820310549134	0.00933061627864426
ENSG00000167220_HDHD2	4593	0.566012252998461	0.0432050157899935	0.357846755761604	0.0273096387501854	0.00562633669975612
ENSG00000168461_RAB31	6897	0.47625077111751	0.0863486505550929	0.362963219957199	0.0657999368531108	0.00863742151708789
ENSG00000172466_ZNF24	4201	0.630586999089198	0.0611058496637593	0.275035268344045	0.0266451497607236	0.00662673314227511
ENSG00000176014_TUBB6	6075	0.330533430964026	0.0475974980169843	0.536286871911055	0.0772180551258413	0.00836414398209337
ENSG00000177150_C18orf19	5739	0.275889822144141	0.0667850313182579	0.519983419811159	0.125861626443385	0.0114801002830571
ENSG00000197563_PIGN	5311	0.071201372813535	0.0111781495377705	0.787730056609154	0.123662235219139	0.00622818582040168
ENSG00000198795_ZNF521	4810	0.572694439238967	0.0925147579940333	0.280434244929694	0.0452931160894285	0.00906344174787738
ENSG00000215429_ILMN_33941	5834	9.61484366991507e-06	1.81444567198264e-06	0.835412341233621	0.157646211198693	0.00693001827834449
ENSG00000064666_CNN2	6336	8.08471159950743e-05	0.468798467409347	5.83942705050815e-05	0.338411196195436	0.192651095008717
ENSG00000065000_AP3D1	6181	0.509362348302835	0.0683258861746764	0.365708692237823	0.0490486244426439	0.00755444884202139
ENSG00000065268_WDR18	6158	2.13005413538328e-07	0.00123512830441548	0.000172126425122446	0.998087835289416	0.000504696975632978
ENSG00000073050_XRCC1	6543	0.000558369633110153	0.000145366174200282	0.785916886924962	0.204597135267018	0.00878224200071004
ENSG00000076924_XAB2	6890	0.228552255367385	0.228419534851313	0.257890655868215	0.257713474435077	0.0274240794780096
ENSG00000083828_ZNF586	4897	0.349019511994399	0.027900408940339	0.571543327901783	0.04568297457705	0.005853776586429
ENSG00000095932_ILMN_32047	6456	0.520722052327623	0.0745350190511465	0.347494628671775	0.0497321071868249	0.00751619276263046
ENSG00000104946_TBC1D17	5076	0.558773306030792	0.0803752750089674	0.308432691181416	0.0443576272885254	0.00806110049029933
ENSG00000104953_TLE6	6774	0.489529966012736	0.0747486214266841	0.370754475766025	0.0566038729081243	0.00836306388643038
ENSG00000105053_VRK3	5144	0.299755100548659	0.0425279577572922	0.566141437321472	0.0803104345008482	0.0112650698717285
ENSG00000105132_ZNF550	5626	0.323635271743639	0.0294292843123074	0.586995873703148	0.0533710140672839	0.00656855617362126
ENSG00000105198_LGALS13	5350	0.567679743311056	0.0874098394391355	0.291341172423702	0.0448512323444423	0.00871801248166394
ENSG00000105404_RABAC1	3887	0.399903143366363	0.0251015638857329	0.53608118005056	0.0336440678315567	0.00527004486578702
ENSG00000105697_HAMP	5328	0.53333726166661	0.071902578015072	0.341262548478186	0.0460002706870886	0.00749734115304347
ENSG00000105698_USF2	5350	0.405479576491763	0.0548169447551068	0.462741687694588	0.062543814301446	0.0144179767570966
ENSG00000118046_STK11	6789	9.58258832533093e-05	0.555654830600355	6.60526813749902e-05	0.382951062927243	0.0612322279077741
ENSG00000121289_CCDC123	6137	0.0101040316969752	0.00162421905682415	0.831060475281698	0.133568996959268	0.0236422770052352
ENSG00000121406_ZNF549	5668	0.564470885065163	0.051555982678609	0.346693472801761	0.0316596494511328	0.00562001000333426
ENSG00000125656_CLPP	6338	0.297397145925211	0.282969815654887	0.199766569427132	0.190045672863855	0.0298207961289148
ENSG00000125753_VASP	5483	1.81004184697183e-204	0.00052401339393055	3.45221500761064e-201	0.999428172999401	4.78136066440765e-05
ENSG00000125910_EDG6	6657	0.453795697584023	0.0688139658660993	0.40775108569446	0.0618239063801412	0.00781534447527632
ENSG00000126246_TMEM149	5026	0.0142432163102188	0.00184805866490144	0.857179536876695	0.111203600486036	0.0155255876621486
ENSG00000129933_KIAA0892	4498	0.0248121426439759	0.141668997557417	0.12150350908902	0.693725921997913	0.0182894287116735
ENSG00000130312_MRPL34	5908	0.373937844363227	0.0526761354027157	0.495033122391351	0.0697260420925642	0.00862685575014195
ENSG00000141934_PPAP2C	4394	0.000106698814122422	0.618697180308022	5.10610403205538e-05	0.295994256730647	0.0851508031068889
ENSG00000141994_DUS3L	6188	0.0573834537316907	0.00824218987074336	0.807705521535688	0.116002955386203	0.0106658794756748
ENSG00000142046_BCKDHA	4153	0.594501979073244	0.0479789250290168	0.325262541046387	0.0262441054996913	0.00601244935166055
ENSG00000160113_NR2F6	5877	0.538686226265029	0.0764330261497128	0.330312621838213	0.0468596366026143	0.00770848914443065
