gene	nsnps	PP.H0.abf	PP.H1.abf	PP.H2.abf	PP.H3.abf	PP.H4.abf
ENSG00000055950_MRPL43	3427	0.000911722981680779	0.00010076579318802	0.894195326522833	0.0988226254773781	0.00596955922492067
ENSG00000067057_PFKP	7357	0.214517793012872	0.142135090150069	0.3771587193545	0.24988132530333	0.0163070721792298
ENSG00000078114_NEBL	5384	0.541046195462936	0.0592851926253415	0.353524846691908	0.0387301078513838	0.00741365736843133
ENSG00000089876_DHX32	5225	0.112480314996356	0.0125797121995032	0.780495096233676	0.0872828111539981	0.00716206541646686
ENSG00000095787_WAC	6104	0.509570971430312	0.0969900222392702	0.322562286230824	0.0613859282353675	0.00949079186422597
ENSG00000107951_PAPD1	5751	0.375834580980642	0.1324663726963	0.353433583632558	0.124557225844579	0.0137082368459206
ENSG00000119979_FAM45A	4984	0.0527079663115882	0.174261113967623	0.176065413663485	0.582086029801734	0.0148794762555698
ENSG00000120616_EPC1	4714	0.0144167516935564	0.574893149230411	0.00876599677488448	0.349507012050045	0.0524170902511029
ENSG00000127884_ECHS1	3788	0.620635390096006	0.0723408412066673	0.267946556390779	0.0312238159493761	0.00785339635717168
ENSG00000134463_ECHDC3	5742	0.458864649389116	0.0968527190458318	0.357334829481409	0.0754112485556053	0.0115365535280377
ENSG00000138185_ENTPD1	5151	0.0412955995479305	0.00573113725857829	0.825055756765707	0.114490487193616	0.0134270192341683
ENSG00000148484_RSU1	5384	0.459388442980717	0.0674656284889081	0.405206602729954	0.059500062830931	0.0084392629694906
ENSG00000151640_DPYSL4	6599	0.16935005060525	0.0406167105000002	0.630261236390249	0.151152470094341	0.00861953241016053
ENSG00000151893_C10orf46	4689	0.522688235311327	0.0844870995222832	0.330070188978497	0.0533429906188232	0.00941148556906987
ENSG00000156398_SFXN2	3160	0.0428484909100757	0.450219078793498	0.0379429889861548	0.398605442972303	0.0703839983379686
ENSG00000165730_STOX1	5590	0.21164961942308	0.0176854508845233	0.696005502406491	0.0581417306466395	0.0165176966392667
ENSG00000165983_PTER	5424	3.05986356525445e-09	4.64141634315791e-10	0.863379928959393	0.130957880047898	0.00566218746870326
ENSG00000166169_POLL	3121	0.0305299488852423	0.268166088121958	0.066603747620041	0.584977999929295	0.0497222154434631
ENSG00000173915_USMG5	3771	8.70031127089384e-11	9.14995354103714e-10	0.086781784043225	0.912667131117665	0.000551083837112636
ENSG00000183605_SFXN4	5023	0.144823019119295	0.478969641352551	0.0755649260286072	0.249863258951096	0.0507791545484508
ENSG00000188690_UROS	5146	0.0112446617124131	0.0012962365977123	0.878848021043251	0.101302539441659	0.007308541204965
ENSG00000197771_C10orf119	5330	0.0323907870166774	0.111247716896237	0.188760291336321	0.648286990940865	0.0193142138099009
ENSG00000205703_C10orf139	5752	0.519213346633398	0.113062187668449	0.293247148920398	0.0638459015484461	0.0106314152293082
ENSG00000014138_POLA2	2913	0.185825657745052	0.418593924471985	0.108357752281543	0.244045272635515	0.0431773928659053
ENSG00000066336_SPI1	2663	0.12665043758235	0.008645109543403	0.779944715122193	0.0532071699249035	0.031552567827151
ENSG00000074319_TSG101	5067	0.00563560413001802	0.000594760592338205	0.886715833999689	0.0935671877024599	0.0134866135754953
ENSG00000078124_PHCA	4145	1.20372850495102e-08	0.000929218750875294	1.29410775086653e-05	0.998986978815308	7.08493190215831e-05
ENSG00000099834_MUPCDH	4582	0.20690568321189	0.339687438045819	0.158988039150107	0.260985204715048	0.0334336348771362
ENSG00000110074_FOXRED1	5590	0.0125060153486668	0.00180826623323565	0.85492661704516	0.123608156600965	0.00715094477197267
ENSG00000110076_NRXN2	2753	0.74241620853761	0.0506836096011634	0.189149426436011	0.0129080969777311	0.00484265844748455
ENSG00000110080_ST3GAL4	5604	0.545994476767698	0.0802002867151873	0.31887172074354	0.0468304722849532	0.00810304348862175
ENSG00000110315_RNF141	6138	0.481841422035669	0.104064681828491	0.331295626121134	0.0715396133663765	0.0112586566483303
ENSG00000110455_ILMN_3829	5238	0.422615467066464	0.0394462280853191	0.485319700419934	0.045291610430014	0.00732699399826824
ENSG00000110768_GTF2H1	5068	0.0514229635113011	0.102627543889694	0.27900195234148	0.556808900055283	0.0101386402022412
ENSG00000120451_SNX19	5093	0.254737984467616	0.0412148081634884	0.597520205277197	0.0966646901140213	0.00986231197767744
ENSG00000131626_PPFIA1	4973	0.010103359654043	0.00257285775676729	0.782796317255322	0.199336775327533	0.00519069000633543
ENSG00000134627_PIWIL4	4275	0.636003233612852	0.0476005867751584	0.289514625483194	0.0216630141428986	0.00521853998589703
ENSG00000134809_TIMM10	4876	0.00249742606826024	0.00421506575741614	0.367444945721414	0.620154655628347	0.0056879068245624
ENSG00000149084_HSD17B12	5782	3.32723040449922e-05	3.41284409090842e-06	0.900902507629592	0.0924017234403306	0.00665908378194104
ENSG00000149089_APIP	5293	3.18188396162895e-05	4.92956340500401e-06	0.861400980879271	0.133448236357561	0.0051140343601461
ENSG00000159063_ALG8	3884	0.197772857792204	0.0251857620090335	0.682767404991017	0.0869409852048864	0.00733299000285914
ENSG00000165434_PGM2L1	3896	0.57599689968378	0.107591697468551	0.257886701958733	0.0481608468478551	0.0103638540410809
ENSG00000165526_RPUSD4	5579	0.44536565029318	0.0637847822381855	0.391844362121938	0.0560765931622394	0.0429286121844571
ENSG00000166435_XRRA1	3987	0.00104279361675607	0.000136791259851008	0.877367795078843	0.11508471446495	0.00636790557959959
ENSG00000166439_RNF169	4096	0.0114030847240241	0.00154733322816051	0.86358119312539	0.117176725711219	0.0062916632112062
ENSG00000166788_SAAL1	4887	0.0859528144582076	0.333130685558706	0.112450242700906	0.435795133682138	0.0326711236000432
ENSG00000166796_LDHC	5043	0.0845515109350325	0.00875569480248863	0.814025054924919	0.0842876290761166	0.00838011026144322
ENSG00000168000_BSCL2	4095	0.605848431902786	0.0779717099589831	0.272784963411873	0.0350986858815789	0.0082962088447791
ENSG00000168002_POLR2G	4021	0.630654064392723	0.0799307097610213	0.249882050239744	0.0316628200592283	0.00787035554728389
ENSG00000168071_CCDC88B	2909	0.385265459143903	0.0275573706310547	0.529760019862993	0.0378732722734536	0.0195438780885954
ENSG00000172890_NADSYN1	4919	0.231248888268256	0.0281385202665638	0.653748805230332	0.0795412718290023	0.00732251440584671
ENSG00000173113_ILMN_22312	2939	0.642801824651846	0.0464901026343755	0.283486130925866	0.0204961707932827	0.00672577099462928
ENSG00000173715_C11orf80	2663	0.218146495809122	0.449513846275617	0.0850483466543455	0.175178969653441	0.0721123416074753
ENSG00000173992_CCS	2433	0.121720851304103	0.288398867681301	0.149087274008977	0.353151763091667	0.0876412439139512
ENSG00000175390_EIF3F	6022	0.437094456390669	0.1779901849168	0.26163585093326	0.106524549346882	0.0167549584123895
ENSG00000175567_UCP2	3660	0.299722367597347	0.0564465706700429	0.533957770212597	0.10055068982826	0.00932260169175327
ENSG00000175575_PAAF1	3630	0.337584121560595	0.065091431120765	0.489025055973083	0.0942775597749609	0.0140218315705963
ENSG00000175581_MRPL48	3597	0.437878458057237	0.0852321263359152	0.364288877609717	0.0708663341605167	0.041734203836614
ENSG00000176148_TCP11L1	4529	0.0707369714152433	0.00663464794380932	0.833180827832477	0.0781353960724047	0.0113121567360659
ENSG00000177042_TMEM80	5079	0.207886708665745	0.344445563710245	0.151059767505359	0.250243166009817	0.0463647941088347
ENSG00000177685_EFCAB4A	5443	0.213727818279873	0.355832165770398	0.147492220805324	0.245520107994609	0.0374276871497959
ENSG00000177697_CD151	5459	0.000125803429240528	0.000209469646202772	0.374178527251654	0.623025418452678	0.00246078122022455
ENSG00000179057_IGSF22	4903	0.579357051490424	0.0614799526804724	0.318410474919237	0.0337819699316509	0.00697055097821595
ENSG00000182919_C11orf54	4740	0.15027690355344	0.0122952491483065	0.768749475399703	0.062891212373794	0.00578715952475681
ENSG00000184524_CEND1	5351	0.180469807208336	0.300205400498852	0.183217371840441	0.304744518130294	0.031362902322078
ENSG00000185187_SIGIRR	3913	0.244048432712833	0.386073867229795	0.128619813260115	0.203433052465408	0.0378248343318485
ENSG00000196655_TRAPPC4	4322	0.000180586540733828	1.65228711596245e-05	0.909815251570848	0.0832373282328304	0.00675031078442913
ENSG00000197345_MRPL21	4421	0.000418598660524269	0.000149092297466812	0.73127094664103	0.260449082705965	0.00771227969501386
ENSG00000202477_SNORD25	4053	0.559498369606039	0.0709795321982946	0.320877066647855	0.0406994189143854	0.00794561263342569
ENSG00000205339_IPO7	4847	0.280124442736147	0.111081622538183	0.425774162319808	0.168823925965974	0.014195846439888
ENSG00000213931_HBE1	8221	0.348952820182779	0.194504586021505	0.280694008597551	0.156438049565668	0.0194105356324964
ENSG00000010626_LRRC23	5001	0.000209706308253798	0.000125219103656763	0.616496576978476	0.368105235165961	0.0150632624436533
ENSG00000076067_RBMS2	2560	0.176100520932083	0.130079088480032	0.388365298190041	0.28685280341981	0.0186022889780334
ENSG00000089127_OAS1	3869	0.00192687280118365	0.000371882997082717	0.829363037563148	0.160057298869551	0.00828090776903362
ENSG00000089163_SIRT4	4605	0.385388438827838	0.178433768757316	0.279789363909008	0.129514818954815	0.0268736095510225
ENSG00000110906_KCTD10	3675	1.60013935630348e-05	1.06277749022654e-06	0.930921064325301	0.0618224974201048	0.00723937408354161
ENSG00000110931_CAMKK2	4697	0.220740236616424	0.108617901867058	0.435292895128586	0.214169952114498	0.0211790142734337
ENSG00000111321_LTBR	4732	0.389937254198418	0.252875094190006	0.202291060100081	0.13116242546818	0.0237341660433145
ENSG00000111358_GTF2H3	4461	0.557866356242767	0.103481109466679	0.274456354308453	0.0508968294396215	0.0132993505424788
ENSG00000111364_DDX55	4397	0.286046342374748	0.0525674863664546	0.544532917464364	0.10005344222422	0.0167998115702124
ENSG00000111371_SLC38A1	3524	0.019366919574461	0.00137632703310573	0.898164737177532	0.0638115800704006	0.0172804361445007
ENSG00000111581_NUP107	4878	1.7164659620242e-13	0.537418237784869	1.30856427389445e-13	0.409653014547163	0.0529287476676644
ENSG00000111666_CHPT1	4476	0.0422132630261772	0.00398936100584289	0.866509965798666	0.0818840508292124	0.0054033593401021
ENSG00000111711_GOLT1B	5340	0.507591924539218	0.126244420628657	0.283330088217017	0.0704553362946769	0.0123782303204315
ENSG00000111725_PRKAB1	4446	0.576223964609272	0.102343296757704	0.263157996190881	0.0467280173202377	0.0115467251219058
ENSG00000111780_ILMN_16367	4586	0.31488157803072	0.151135175275472	0.346891146426128	0.16647834291234	0.0206137573553397
ENSG00000123297_TSFM	3728	0.0894575694906956	0.150334300763034	0.273215645212424	0.459113624921161	0.0278788596126856
ENSG00000123427_FAM119B	3732	0.00064927179908804	0.00109125002206246	0.369930059086456	0.621745640338595	0.00658377875379846
ENSG00000127337_YEATS4	5135	0.099829630975239	0.012620031146765	0.766521657253463	0.0968762076175549	0.0241524730069783
ENSG00000134545_KLRC1	5632	0.572852343228306	0.0636651502691805	0.321354472636961	0.0357079852985568	0.00642004856699563
ENSG00000135426_KIAA0748	4188	0.532750395064802	0.0611587743329121	0.357556717422021	0.041039364708799	0.00749474847146487
ENSG00000136026_CKAP4	4425	0.604581346747563	0.0929592596922567	0.25399019533686	0.039043616088144	0.00942558213517647
ENSG00000136048_ILMN_20048	4376	0.629819280402859	0.0546634891176018	0.285231057774185	0.0247503351047244	0.00553583760062934
ENSG00000139187_KLRG1	5231	0.259717049206774	0.0384861119414011	0.562925909590111	0.0833615386521304	0.055509390609584
ENSG00000139190_VAMP1	4669	0.104275557559082	0.0676599223269178	0.496171948285669	0.32193466908026	0.00995790274807148
ENSG00000139192_TAPBPL	4683	0.0226341217321385	0.0146628393930731	0.580402346706442	0.37599000557583	0.00631068659251592
ENSG00000139197_PEX5	4768	0.0392731696939744	0.0243132328171638	0.556874764927407	0.344715190558167	0.0348236420032875
ENSG00000150045_KLRF1	5449	0.562639151172006	0.0786894700462138	0.307701143357214	0.0430264590961995	0.0079437763283665
ENSG00000155957_TMBIM4	3866	0.633545320177762	0.0418898282798396	0.300134305414404	0.0198402007283797	0.00459034539961444
ENSG00000157895_C12orf43	4517	0.28837066376967	0.141017746072184	0.3037445257414	0.148417354320334	0.118449710096412
ENSG00000165714_LOH12CR1	5028	0.250039501548868	0.149417874221935	0.20143810764276	0.120095786631682	0.279008729954755
ENSG00000166888_STAT6	2833	0.0854781763081293	0.141833377237074	0.285232777924222	0.4732706923927	0.0141849761378744
ENSG00000166896_XRCC6BP1	3776	0.131555773303164	0.221343759179979	0.232067339567407	0.390430761415749	0.0246023665337007
ENSG00000171840_NINJ2	4180	0.645512488999322	0.0656170696552161	0.256367092790344	0.0260535531814966	0.00644979537362163
ENSG00000176422_SPRYD4	2684	0.0022239158573952	0.00156484963723147	0.582335390217256	0.409753882640133	0.00412196164798413
ENSG00000177627_C12orf54	4568	0.383960164392235	0.0698530378494025	0.451721655560531	0.0821684419010921	0.0122967002967398
ENSG00000184752_NDUFA12	6518	0.220278949650687	0.0999868200929144	0.458473808129568	0.208092682789996	0.0131677393368343
ENSG00000185163_DDX51	5710	0.481502685257555	0.0973280145035462	0.340899605836192	0.0688959923354255	0.0113737020672808
ENSG00000185480_C12orf48	4306	0.498127534941616	0.0432218251815776	0.416324886447119	0.0361177164573173	0.00620803697236947
ENSG00000186081_KRT5	4834	0.472392446866665	0.169501774974302	0.251107708128409	0.0900844470567153	0.0169136229739082
ENSG00000186611_ILMN_34849	5136	0.506457428334209	0.0795064265466634	0.35023866186634	0.0549735356459071	0.00882394760688078
ENSG00000032742_IFT88	5336	0.272381817058236	0.127687228597408	0.398770296956702	0.18692141827021	0.0142392391174441
ENSG00000102796_DHRS12	3464	0.277202787509214	0.05933315526215	0.537261161507536	0.114985461345379	0.0112174343757205
ENSG00000122034_GTF3A	5786	0.000980542376724173	0.500254852568642	0.000886613310880514	0.452288365180873	0.0455896265628811
ENSG00000136111_TBC1D4	5585	0.0274613136412281	0.00358861186196233	0.852231891297714	0.111363296817958	0.00535488638113724
ENSG00000139617_ILMN_28859	4414	0.00148073486880141	0.000228202613463205	0.85612114577698	0.131930384697034	0.0102395320437212
ENSG00000151287_C13orf27	5352	0.500842176682308	0.0563778286182602	0.39187867477383	0.0441054410575272	0.00679587886807482
ENSG00000169062_UPF3A	2698	0.697438389757417	0.057494325504518	0.220057819561823	0.0181339037439665	0.00687556143227518
ENSG00000174032_SLC25A30	4106	0.489832145515562	0.146001776952689	0.27005365475999	0.0804798871905022	0.0136325355812563
ENSG00000089916_C14orf118	4530	0.0522275886306203	0.00730954277924379	0.817013619399961	0.114336507241884	0.00911274194829158
ENSG00000092020_PPP2R3C	5012	0.260080816059407	0.0315878930192565	0.620658110743011	0.0753691958922982	0.0123039842860266
ENSG00000092094_OSGEP	5680	0.0702812681896754	0.0101846478221155	0.787194974057012	0.114056260547768	0.0182828493834288
ENSG00000092203_TOX4	6668	0.372162769219138	0.0909473171769437	0.423320342831219	0.103438824041796	0.0101307467309036
ENSG00000100439_ABHD4	5986	0.481770277270859	0.104462135201148	0.331424945731351	0.0718523022057379	0.0104903395909042
ENSG00000100445_C14orf124	5434	0.260702360633754	0.0359414308287371	0.611221375720489	0.0842574539480126	0.00787737886900715
ENSG00000100490_CDKL1	4198	0.0745236701266522	0.00699592908927093	0.834240923800135	0.0783086548169315	0.00593082216701068
ENSG00000100744_C14orf129	5776	0.122522552811676	0.0279655753720594	0.685318515710815	0.15641506930467	0.00777828680077942
ENSG00000100814_CCNB1IP1	5447	0.378959194484477	0.0530224977830721	0.491144741320862	0.068710900855991	0.00816266555559875
ENSG00000100908_C14orf122	5071	0.495672169835717	0.0666013970971607	0.379402908944522	0.0509714305296216	0.00735209359297855
ENSG00000100931_CHMP4A	5141	0.565683850526533	0.0764767282398095	0.308319391127488	0.0416749044603165	0.00784512564585235
ENSG00000119599_WDR21A	5250	0.377026401118318	0.0633203336351562	0.469983949207535	0.0789214977186449	0.0107478183203461
ENSG00000119632_FAM14A	6092	0.387368408354949	0.223777168221494	0.234137451650162	0.135238365799501	0.019478605973894
ENSG00000119684_MLH3	3623	0.00106918406809557	0.00012177506110502	0.891315508285528	0.101510681794852	0.00598285079041877
ENSG00000119718_EIF2B2	3665	0.00578849828456498	0.000663392428309846	0.886035551432009	0.101538372402794	0.00597418545232229
ENSG00000125375_ATP5S	4206	0.593228652296795	0.0557453958199501	0.315314937619624	0.0296238977763442	0.00608711648728688
ENSG00000129514_FOXA1	4329	0.592413676222684	0.112742496859382	0.238540929229913	0.0453859079722191	0.0109169897158017
ENSG00000134007_ADAM20	4780	0.593179809020541	0.0710952496608526	0.293334707635142	0.0351502349462528	0.00723999873721148
ENSG00000139998_RAB15	4446	0.54772218479123	0.0518191232167523	0.356317762394227	0.0337002150641102	0.0104407145336802
ENSG00000140092_FBLN5	5089	0.497760128497214	0.0483505374135553	0.406765622124466	0.0395040553553179	0.00761965660944724
ENSG00000140104_C14orf79	4896	0.527956510127613	0.107355930116203	0.292677074748792	0.0595011418394859	0.0125093431679062
ENSG00000155465_SLC7A7	5882	0.46268469902954	0.098769501290718	0.353406919411254	0.0754322201123345	0.00970666015615403
ENSG00000157326_DHRS4	4912	0.534222273898922	0.0699740199027687	0.342756139447629	0.0448870565095616	0.00816051024111862
ENSG00000165501_PPIL5	4036	0.559402567540123	0.0436478601523457	0.361934533160607	0.0282334675877649	0.00678157155915988
ENSG00000165819_METTL3	6626	0.40840392382893	0.0995050943876459	0.386234843611629	0.0940919707062255	0.01176416746557
ENSG00000166166_C14orf172	4783	0.447138018407475	0.0546035445735098	0.437295875074461	0.0533940744582059	0.007568487486348
ENSG00000177465_ACOT4	4916	0.483761550281007	0.0797410031702993	0.36426302530297	0.0600312190967796	0.0122032021489439
ENSG00000182512_GLRX5	6493	0.199774933997219	0.142493870302372	0.375559291181518	0.267861623188958	0.0143102813299338
ENSG00000183648_NDUFB1	5353	0.394629390723248	0.041187078989242	0.505049488476799	0.052705086365922	0.0064289554447889
ENSG00000184990_SIVA1	4730	0.331514624976361	0.0667219934440304	0.480420933339663	0.0966668123095853	0.0246756359303611
ENSG00000187630_DHRS4L2	4972	0.554730198480071	0.0737322220848741	0.320830591228838	0.04263527539344	0.00807171281277644
ENSG00000197195_CHURC1	4473	5.43321699302638e-09	5.1359104387729e-10	0.908047683447453	0.0858297935213728	0.00612251708436577
ENSG00000198805_NP	5692	0.5151022556773	0.0747700861350778	0.350566295849204	0.0508780519889059	0.00868331034951198
ENSG00000198894_KIAA1737	5953	0.317830168120609	0.0298170012766536	0.589597865106354	0.05530523628969	0.0074497292066933
ENSG00000205659_LIN52	4237	0.000324144284212117	4.95057012684897e-05	0.861479194225389	0.131564862015368	0.00658229377376232
ENSG00000051180_RAD51	3631	0.000166347244595126	0.000506860352680318	0.246455191138113	0.750947485381098	0.00192411588351423
ENSG00000064726_BTBD1	2439	0.686455281564834	0.0480092423646132	0.242667596456703	0.0169657605153125	0.00590211909853685
ENSG00000074696_PTPLAD1	3760	0.0814560494405332	0.00751113383814984	0.827351982082466	0.076283455311936	0.00739737932691442
ENSG00000103657_HERC1	4225	0.408918906171229	0.217216209225698	0.228809144846167	0.121519034032853	0.0235367057240539
ENSG00000103671_TRIP4	3482	0.526770673895219	0.0475916667918094	0.383200774866568	0.034612864821988	0.00782401962441487
ENSG00000103811_CTSH	5399	0.281403966964081	0.0224920074233283	0.639154940964947	0.0510803964840522	0.00586868816359161
ENSG00000103932_RPAP1	3731	0.0430311647235188	0.124931750282629	0.207926732213456	0.603650176044204	0.0204601767361927
ENSG00000104047_DTWD1	4149	0.139965764749171	0.0121516382714404	0.774115581194645	0.0672011011875747	0.00656591459716933
ENSG00000104055_TGM5	2116	0.131873187225717	0.00727811879428913	0.794767976324867	0.0438412316811287	0.0222394859739989
ENSG00000136371_MTHFS	5522	0.44672786527213	0.0467556697129736	0.452278845557986	0.0473297414895229	0.00690787796738732
ENSG00000137806_NDUFAF1	3786	0.0224449559279214	0.0651505459409456	0.105639573466189	0.306137349634322	0.500627575030622
ENSG00000140264_SERF2	2015	0.662597613223397	0.0344704370613942	0.282025664869706	0.0146656321953303	0.0062406526501723
ENSG00000140400_MAN2C1	2891	0.338539849560962	0.0176254301829119	0.606679791355635	0.0315800488501829	0.00557488005030824
ENSG00000140471_LINS1	6703	0.401052719001962	0.057002471414607	0.468130014289091	0.0665290235300135	0.0072857717643269
ENSG00000166140_ZFYVE19	3458	0.0515366941697527	0.156793038086741	0.192012761384344	0.584155926057472	0.0155015803016913
ENSG00000166762_CATSPER2	1929	0.424458186444404	0.0214539340351284	0.519466377307206	0.0262476809519352	0.00837382126132653
ENSG00000166938_DIS3L	4904	0.0599831334640785	0.0921830715292638	0.327891474373073	0.503892991269023	0.016049329364562
ENSG00000168803_ADAL	2074	0.658571862440642	0.0362272584165277	0.28454379325451	0.0156474074941954	0.00500967839412496
ENSG00000168970_PLA2G4B	3458	0.0455697928881678	0.13236678556376	0.206078626864754	0.598580124144736	0.0174046705385816
ENSG00000169118_CSNK1G1	3492	0.623922118516096	0.056227279134382	0.287316000494622	0.025886001267328	0.00664860058757182
ENSG00000171763_SPATA5L1	3607	0.348783211977372	0.032638029646385	0.556508019099382	0.052066255502601	0.0100044837742603
ENSG00000172345_STARD5	4212	0.646534793790442	0.0498680012624454	0.277188687373229	0.021374861044612	0.00503365652927217
ENSG00000188659_ILMN_4387	2560	0.726720055047695	0.0450642949640172	0.209733455365701	0.0130002004977422	0.00548199412484446
ENSG00000047578_KIAA0556	4343	0.249221626954607	0.422411470082893	0.108524360206007	0.183904497199151	0.0359380455573422
ENSG00000063854_HAGH	5470	0.126363343606561	0.0133745958106056	0.77129370075715	0.0816282133650995	0.00734014646058404
ENSG00000070761_C16orf80	5586	0.5332991875542	0.0710351406202114	0.342467779027633	0.045608919374711	0.00758897342324448
ENSG00000086504_MRPL28	4267	0.499242035392081	0.0656798669052958	0.376979548510269	0.0495866038840862	0.00851194530826801
ENSG00000090857_ILMN_138245	2627	0.0654940982570531	0.67172695926202	0.0179856823739755	0.184406122866537	0.0603871372404146
ENSG00000090857_ILMN_8209	2627	0.0618269243847687	0.634115332873234	0.0221428998068386	0.227049303421076	0.0548655395140823
ENSG00000103042_ILMN_16502	5255	0.416195967483772	0.0506932489852239	0.468481802071626	0.0570541617007648	0.00757481975861328
ENSG00000103111_MON1B	8139	0.0526141555166912	0.0101712515994134	0.759686360794242	0.146830180668369	0.0306980514212844
ENSG00000103126_AXIN1	4021	0.573228662880509	0.0725843914384421	0.307184746972722	0.0388887864848332	0.00811341222349376
ENSG00000103174_NAGPA	6771	0.381168821579672	0.058913525707753	0.472201460581844	0.0729688003494449	0.0147473917812861
ENSG00000103202_DECR2	4339	0.379781548221451	0.0507578990256881	0.495728748840476	0.0662467864067171	0.00748501750566766
ENSG00000103248_MTHFSD	7317	0.019344966421119	0.509800980384383	0.0153191204011615	0.403655339593941	0.0518795931993955
ENSG00000103275_UBE2I	6396	0.0678749177966479	0.00927415179461619	0.804729337291299	0.109946758001488	0.00817483511594951
ENSG00000103540_ILMN_12815	4644	0.201282005410657	0.119374910008112	0.416003668607568	0.24670388179053	0.0166355341831326
ENSG00000118894_FAM86B1	6953	0.214760576243089	0.0305971768049244	0.654506542046177	0.0932413765474795	0.00689432835833021
ENSG00000125124_BBS2	5413	6.0104514394051e-05	1.00844134306876e-05	0.844284249050236	0.141641102586616	0.0140044594353235
ENSG00000125170_DOK4	5506	0.488734952555152	0.0870571928768061	0.350083513765417	0.0623477657935647	0.0117765750090598
ENSG00000127561_SYNGR3	5114	0.0821070833985499	0.00879679326238597	0.812881390017683	0.0870813981859586	0.00913333513542225
ENSG00000127586_CHTF18	5328	0.405002327093072	0.0601507903624662	0.458883471599042	0.0681453792575008	0.00781803168791976
ENSG00000129925_TMEM8	4285	0.188714635621738	0.0249013135850918	0.687478385210908	0.0907060939791268	0.00819957160313586
ENSG00000130731_C16orf13	5096	0.537257817458364	0.0778929603830652	0.32888687442203	0.0476745405247383	0.00828780721180202
ENSG00000131148_COX4NB	7907	0.018961218439378	0.500590174492306	0.015946802240872	0.420963821954187	0.0435379828732571
ENSG00000132603_NIP7	3409	0.00385629684017006	0.129588616160344	0.0245352160454445	0.82447414313917	0.017545727814871
ENSG00000135698_MPHOSPH6	8516	0.132994142352476	0.0283771112134827	0.682344652552644	0.14558195140533	0.0107021424760677
ENSG00000140829_DHX38	3419	0.0543051996350826	0.0368360151343876	0.514964049297902	0.349263052314811	0.0446316836178171
ENSG00000141076_CIRH1A	3616	0.0187122581095869	0.628783564115936	0.0086022818475875	0.289005537073534	0.0548963588533568
ENSG00000153406_NMRAL1	5389	0.489975589686319	0.116303211876035	0.308637956466832	0.0732481116905982	0.0118351302802162
ENSG00000155393_HEATR3	3992	0.0796810884834983	0.217367915015764	0.182782590423003	0.498604538481101	0.0215638675966344
ENSG00000159461_AMFR	5553	0.000117969670781137	1.91049584729527e-05	0.848314671597826	0.1373687297064	0.0141795240665199
ENSG00000161981_C16orf33	3236	0.253876485463618	0.0281903792136968	0.631624660090389	0.0701192494942141	0.016189225738082
ENSG00000162076_FLYWCH2	3844	0.434890044017453	0.0516831450328708	0.452274920777696	0.0537417861510804	0.00741010402089967
ENSG00000166451_CENPN	7482	0.00995859064786281	0.00248078287999142	0.784707868000404	0.195471066369998	0.00738169210174386
ENSG00000166501_PRKCB1	4987	0.0723385621813033	0.148828106323334	0.0679724272133316	0.139273708581763	0.571587195700268
ENSG00000167515_TRAPPC2L	6802	0.457515013178488	0.0642488496237492	0.412188710519701	0.0578755034009593	0.00817192327710228
ENSG00000167526_RPL13	5022	0.390356359863687	0.0359647151094592	0.519276230541882	0.0478359269504472	0.00656676753452451
ENSG00000168748_CA7	3026	0.681155545458515	0.0797478603638334	0.207024334483355	0.0242300103650552	0.00784224932924142
ENSG00000168807_SNTB2	3581	0.0126442944908532	0.424884314712984	0.0150444910551901	0.50549582564409	0.0419310740968823
ENSG00000169682_SPNS1	2425	0.025556646463152	0.0157327640088045	0.464738697190013	0.285886737935621	0.208085154402409
ENSG00000171490_RSL1D1	7028	0.347297820356164	0.221129611674882	0.251684054726848	0.160231268688215	0.019657244553891
ENSG00000174177_ILMN_138331	6808	0.222226063284679	0.0312024407443006	0.59320364638609	0.0832207205220185	0.0701471290629114
ENSG00000175643_C16orf75	6199	0.123163420144923	0.0766354542901858	0.350854706949551	0.218079574355917	0.231266844259424
ENSG00000178952_TUFM	2681	0.20409220987812	0.126282697108373	0.189177121492864	0.116690181444468	0.363757790076174
ENSG00000180185_FAHD1	5390	2.69310028394921e-05	2.84217596600439e-06	0.89391746505142	0.0943282727960526	0.0117244889737226
ENSG00000182108_ILMN_32084	6867	0.208213745905865	0.129543431374072	0.394083818922574	0.245162401365045	0.0229966024324435
ENSG00000186153_WWOX	10073	0.0869865508542068	0.153000816381524	0.270403395541749	0.475599057172915	0.0140101800496053
ENSG00000187741_FANCA	4394	9.27893452450037e-08	6.51238388931193e-09	0.928244952778556	0.0651418957539754	0.00661305216573763
ENSG00000197912_SPG7	5257	0.00283857695598188	0.000276836269164962	0.901574567744824	0.0879199564842936	0.00739006254573501
ENSG00000002919_SNX11	4302	0.0843312948252686	0.011620580802578	0.763819544313702	0.105216861286101	0.0350117187723504
ENSG00000005156_LIG3	4720	0.326456292500568	0.0278194619055227	0.588043403050089	0.0501034218945727	0.00757742064924724
ENSG00000006282_SPATA20	3882	0.00967284041242127	0.00126246240062444	0.870022420588037	0.113546526909777	0.00549574968914042
ENSG00000007312_CD79B	2565	0.0691313238221582	0.00384653315748698	0.857949946544427	0.0477158014429537	0.0213563950329741
ENSG00000011052_NME1	4114	0.582097653258462	0.0760178504977734	0.292309121471453	0.0381620975946932	0.0114132771776187
ENSG00000011295_TTC19	4149	0.112348504236088	0.0133447669648272	0.775148845836205	0.0920651674456127	0.00709271551726687
ENSG00000012048_BRCA1	3110	1.6896036367466e-06	3.98740438514616e-05	0.0406390861569281	0.959067702671581	0.000251647524002249
ENSG00000035862_TIMP2	5894	0.318537352712077	0.278169553768479	0.200263468337534	0.17485618203127	0.0281734431506407
ENSG00000055483_USP36	5969	1.88341634636265e-05	1.64949133051562e-05	0.41572619067411	0.363871592231673	0.220366888017448
ENSG00000068097_HEATR6	2122	0.657280837747729	0.0407206378446468	0.278872368014301	0.0172711749433871	0.00585498144993614
ENSG00000073584_SMARCE1	4167	3.72790373839862e-08	0.0632420953138941	5.48322304777179e-07	0.93019587657292	0.00656144251184487
ENSG00000091640_SPAG7	5877	0.43099497937937	0.188136607651306	0.252796069449662	0.110332025245886	0.0177403182737753
ENSG00000108262_GIT1	2257	0.653512706793602	0.0598335544734035	0.254716287042796	0.0233123917735811	0.00862505991661707
ENSG00000108278_ZNHIT3	3560	0.255003105725258	0.0241607829198876	0.640910234713251	0.0607051104453798	0.0192207661962229
ENSG00000108352_RAPGEFL1	3652	1.10434776871506e-07	0.187347296669265	4.34471386673913e-07	0.736984179284479	0.0756679791400915
ENSG00000108384_RAD51C	3077	0.0745241053584267	0.00784511824876455	0.820667745186913	0.0863807332767209	0.0105822979291746
ENSG00000108395_TRIM37	2683	0.585427354415427	0.0644253300320907	0.299263632144585	0.0329155087496804	0.0179681746582175
ENSG00000108433_GOSR2	2596	0.20325263828963	0.0174129454711046	0.711748237242062	0.0609698775268174	0.0066163014703852
ENSG00000108559_NUP88	6197	0.271172393001736	0.112310789535575	0.4262246314	0.176514608450743	0.0137775776119456
ENSG00000108592_FTSJ3	2615	0.0304928801282944	0.00137366741163859	0.919057001655009	0.0413947258961509	0.00768172490890739
ENSG00000108639_SYNGR2	6181	0.255355238841315	0.244372184378332	0.243999368275352	0.233481948579913	0.0227912599250881
ENSG00000108651_UTP6	3409	0.404137399637578	0.0339178732678417	0.508943545181448	0.0427035979412402	0.0102975839718918
ENSG00000108666_C17orf75	4082	0.108579106106573	0.0112046579376274	0.791989124467339	0.0817216238752086	0.00650548761325105
ENSG00000108771_DHX58	3456	0.0140846262527136	0.33103442244016	0.0250630137995937	0.589021358773795	0.0407965787337379
ENSG00000108826_MRPL27	3785	0.020263317904081	0.00404539806846807	0.807044379334176	0.161111971199753	0.00753493349352214
ENSG00000108960_MMD	4825	0.512991881081982	0.0901311491305899	0.326863795016327	0.0574164007217199	0.0125967740493805
ENSG00000125319_C17orf53	3775	0.321331133816666	0.0573302219665837	0.51498263043183	0.0918660201857747	0.0144899935991453
ENSG00000125445_MRPS7	4500	0.552933871916373	0.0627556600781163	0.338537918818069	0.0384152672595342	0.0073572819279079
ENSG00000126581_BECN1	2994	0.0255722609179034	0.603507406302499	0.00994805491796785	0.234648569312127	0.126323708549503
ENSG00000132141_CCT6B	4706	0.446149914371794	0.0380064920102703	0.468597420874034	0.0399114090459013	0.00733476369800096
ENSG00000132507_EIF5A	4860	1.94121024635268e-05	2.52528362598227e-06	0.876337542480089	0.113991441272712	0.00964907886110947
ENSG00000141560_ILMN_14939	4034	0.17875392847862	0.0332820043342847	0.620582385292768	0.115493688055221	0.0518879938391059
ENSG00000141696_ILMN_21605	4247	0.0237927991666156	0.559763395717307	0.0144626297958955	0.340194553494388	0.0617866218257938
ENSG00000141698_NT5C3L	4199	1.5181514217895e-05	0.000357157530600867	0.0407235229477313	0.958053311928984	0.000850826078465359
ENSG00000141720_PIP4K2B	3464	0.000312615120034761	0.576538418990911	0.000203856835310302	0.3759146233115	0.0470304857422445
ENSG00000159199_ATP5G1	3955	1.5019196748331e-05	2.44301172962108e-06	0.854798190081062	0.139034708525148	0.00614963918531296
ENSG00000161326_DUSP14	3607	0.388695143790341	0.0523430330466066	0.484665370179902	0.0652576770376081	0.00903877594554221
ENSG00000161664_ASB16	3758	0.584497847765231	0.104255404830826	0.255066455895777	0.0454848640854998	0.0106954274226672
ENSG00000166260_COX11	4629	0.0782380699386262	0.012752045096101	0.774495048082491	0.126226878471465	0.00828795841131628
ENSG00000166750_SLFN5	4663	6.84816278569754e-05	5.74001683039358e-06	0.917196686800544	0.0768720529025629	0.00585703865220587
ENSG00000167083_GNGT2	4039	0.37581229927125	0.0539616498165931	0.489310580099248	0.0702478263592566	0.0106676444536533
ENSG00000167720_SRR	5412	0.153937213123284	0.0380382952549191	0.634747255242635	0.156831290981164	0.0164459453979981
ENSG00000167895_TMC8	6082	0.301601554784257	0.288276409894126	0.190901500097636	0.18243043600947	0.0367900992145108
ENSG00000168646_AXIN2	4715	0.449298336550796	0.0682910649845073	0.408673557137881	0.0621046724948909	0.0116323688319252
ENSG00000170291_C17orf81	4919	0.000237330731831655	3.09867170678502e-05	0.879300784860667	0.114798904392418	0.00563199329801491
ENSG00000172057_ORMDL3	3297	1.06333173938485e-08	0.0180389124443035	2.38356060273586e-07	0.403781433177209	0.578179405389111
ENSG00000172301_C17orf79	3413	0.18433539067798	0.0154781287759783	0.726633922970885	0.0610008727659802	0.0125516848091767
ENSG00000176974_SHMT1	2893	0.087978386535875	0.00799038780206918	0.778679347684498	0.0706666613145591	0.0546852166629985
ENSG00000177370_TIMM22	6086	0.000229890333641022	4.03181908253482e-05	0.846026989424062	0.148370970306552	0.00533183174492006
ENSG00000177602_GSG2	5859	0.235013652784865	0.0841451290451403	0.492458223871012	0.176309430765833	0.0120735635331489
ENSG00000181031_RPH3AL	3392	0.516401394271023	0.0561473351791229	0.37837352968755	0.0411318837986341	0.00794585706366961
ENSG00000182534_MXRA7	5690	0.267106591223982	0.247105049380874	0.23608433089865	0.218374476075349	0.0313295524211452
ENSG00000185262_FAM100B	5525	0.257194681789985	0.213245494893549	0.276517929664341	0.22924300533885	0.0237988883132751
ENSG00000185504_C17orf70	6244	0.38539498014998	0.0585363186745953	0.476461731391478	0.0723608883819146	0.00724608140203132
ENSG00000187607_ZNF286A	4524	0.427692278799474	0.0564438304998808	0.449194627623552	0.0592741647516909	0.00739509832540297
ENSG00000187624_ILMN_7731	4221	6.67046440986032e-09	8.17646328058612e-10	0.88090682550347	0.10796789792606	0.0111252690823577
ENSG00000205309_NT5M	3962	0.602938133367801	0.0664374983705547	0.291207029339377	0.0320806429266616	0.00733669599560518
ENSG00000213246_SUPT4H1	3434	0.569234987924832	0.0767500896329338	0.30119625936315	0.0405981432026689	0.0122205198764155
ENSG00000214087_ARL16	6284	0.0247394657783949	0.00390591386429357	0.831250080102128	0.13123046802389	0.00887407223129376
ENSG00000066926_FECH	5328	0.53535536204782	0.0812395659965648	0.325679934760889	0.0494132470021246	0.00831189019260084
ENSG00000082212_ME2	4533	0.328487735067667	0.0971325599320032	0.2957298079349	0.0872547717368809	0.191395125328549
ENSG00000091164_TXNL1	4286	0.574417017637252	0.0593023410810769	0.325667911120547	0.0336146896035029	0.00699804055762058
ENSG00000101557_USP14	3605	0.513249746843146	0.0289531706887499	0.428443075635061	0.0241639119369572	0.0051900948960856
ENSG00000101752_MIB1	2426	0.431585619879642	0.0197371079918642	0.517446634964655	0.0236560964527113	0.00757454071112719
ENSG00000132199_ENOSF1	4944	0.16166510392596	0.0131299143931313	0.752464744315901	0.0611011021849379	0.0116391351800693
ENSG00000141428_C18orf21	3966	0.415882007931843	0.0430568993234393	0.479940047121477	0.0496774823726433	0.011443563250597
ENSG00000154889_MPPE1	5844	0.39101647439583	0.134895024690983	0.342005938718039	0.117972989613244	0.0141095725819048
ENSG00000158270_COLEC12	3888	0.654982596371706	0.0413695660453721	0.2815273143975	0.0177772938570012	0.00434322932842018
ENSG00000166401_SERPINB8	5414	0.218557856071295	0.0418759433809841	0.610491996753036	0.11695887235172	0.0121153314429648
ENSG00000167220_HDHD2	4313	0.296963659914499	0.313929202079797	0.175064158273965	0.185036572106393	0.0290064076253464
ENSG00000168461_RAB31	6434	0.499646029514885	0.0785108719454469	0.357802895303909	0.0562148115062156	0.00782539172954337
ENSG00000172466_ZNF24	3830	0.654827239574954	0.0562996886058517	0.260742318940502	0.0224119670946116	0.00571878578408111
ENSG00000176014_TUBB6	5620	0.291684744601624	0.0998614539127276	0.442440616416792	0.151459817655205	0.0145533674136513
ENSG00000177150_C18orf19	5367	0.277934730389121	0.0804875585811414	0.488394331222828	0.141423127319712	0.0117602524871973
ENSG00000197563_PIGN	4978	0.0747974613566929	0.0148444277543665	0.753696416645944	0.149572747088611	0.00708894715438576
ENSG00000198795_ZNF521	4480	0.602822100694663	0.0781636568070096	0.275871766221475	0.0357629514448366	0.00737952483201604
ENSG00000215429_ILMN_33941	5414	1.04040456436692e-05	1.97941914364902e-06	0.834174725781243	0.158698592877129	0.00711429787684131
ENSG00000064666_CNN2	6024	0.50320025095535	0.0828489491210903	0.347689088845262	0.0572359290386512	0.00902578203964669
ENSG00000065000_AP3D1	5844	0.508896611330158	0.0822103413239955	0.344855308299799	0.0557017472973007	0.00833599174874687
ENSG00000065268_WDR18	5859	0.00103441152406334	0.000167281924233719	0.833563636644964	0.134770943513815	0.0304637263929239
ENSG00000073050_XRCC1	6106	0.000172638336007912	0.000688137271643687	0.200116391935902	0.79766358089035	0.00135925156609706
ENSG00000076924_XAB2	6423	0.394086233751003	0.085548530127579	0.418861976252959	0.0909162795933341	0.0105869802751253
ENSG00000083828_ZNF586	4593	0.351243786690954	0.0409482411034325	0.538165120567689	0.0627327480639682	0.00691010357395667
ENSG00000095932_ILMN_32047	6058	0.517967032842514	0.0911396662355165	0.324619883366413	0.0571098149181881	0.0091636026373684
ENSG00000104946_TBC1D17	4710	0.598110440819955	0.0587089176100903	0.306919422239763	0.0301202468037988	0.00614097252639292
ENSG00000104953_TLE6	6376	0.48500426688196	0.0930730030589345	0.345809257512529	0.066351522434433	0.00976195011214393
ENSG00000105053_VRK3	4779	0.327974127614165	0.0321880814225631	0.576471915769807	0.0565693886461061	0.00679648654735882
ENSG00000105132_ZNF550	5281	0.332327998078239	0.0388001806807929	0.55633111315626	0.0649455470166417	0.00759516106806592
ENSG00000105198_LGALS13	4965	0.596056259958491	0.075816668763154	0.283997350102843	0.0361156448276962	0.0080140763478164
ENSG00000105404_RABAC1	3611	0.122625445013323	0.301446105180538	0.1552174813404	0.381526853838694	0.0391841146270442
ENSG00000105697_HAMP	4937	0.541121647832526	0.079051049819521	0.323961941147307	0.0473182076562919	0.00854715354435426
ENSG00000105698_USF2	4957	0.397989570805365	0.0583952053330972	0.438936739360236	0.0643628821279417	0.0403156023733607
ENSG00000118046_STK11	6466	0.508689017497728	0.0892448132062927	0.334522825068515	0.0586800921008644	0.00886325212659999
ENSG00000121289_CCDC123	5715	0.000268591788919284	0.0119458714730857	0.0216913492148048	0.964741727887271	0.00135245963591853
ENSG00000121406_ZNF549	5316	0.564631011852439	0.0652032482760464	0.325799362005286	0.037616363564447	0.00675001430178199
ENSG00000125656_CLPP	5911	0.519042159081327	0.0900416585318257	0.325553344231917	0.0564669848479969	0.00889585330693296
ENSG00000125753_VASP	5149	0.000415399175583401	0.000164926774925435	0.703440410882143	0.279271661606389	0.0167076015609592
ENSG00000125910_EDG6	6258	0.457579966097521	0.0866823314247715	0.375485676745305	0.0711215489418849	0.00913047679051756
ENSG00000126246_TMEM149	4701	0.0154951530970347	0.00220258567241602	0.852858554902493	0.121222851976103	0.00822085435195323
ENSG00000129933_KIAA0892	4155	0.162682060918538	0.0109431833726617	0.757484020431805	0.0509359518159707	0.0179547834610247
ENSG00000130312_MRPL34	5527	0.31677175890771	0.116892256327936	0.403256695392841	0.148791859830416	0.0142874295410981
ENSG00000141934_PPAP2C	4185	0.608325827194502	0.0739507451181758	0.275998698794767	0.033543426265391	0.00818130262716399
ENSG00000141994_DUS3L	5762	0.0645162280870991	0.0102184182196283	0.793549963271924	0.125680565947289	0.00603482447406023
ENSG00000142046_BCKDHA	3860	0.588729002299439	0.0843568332556055	0.27800814343321	0.0398256934098872	0.0090803276018583
ENSG00000160113_NR2F6	5499	0.444222377783744	0.179483970853241	0.254756301238337	0.102913319141859	0.0186240309828185
