gene	nsnps	PP.H0.abf	PP.H1.abf	PP.H2.abf	PP.H3.abf	PP.H4.abf
ENSG00000055950_MRPL43	3427	0.000911052786243361	0.000103099164623859	0.893538015431593	0.101112772907787	0.00433505970975209
ENSG00000067057_PFKP	7357	0.309626174262688	0.050035948314499	0.544375409253541	0.0879636977631862	0.00799877040608654
ENSG00000078114_NEBL	5385	0.516190846290508	0.0823404745248871	0.337333722727944	0.0537996440824043	0.0103353123742569
ENSG00000089876_DHX32	5225	0.0978032061207321	0.0271313355430486	0.678651395807668	0.188254776733774	0.00815928579477735
ENSG00000095787_WAC	6104	0.546775860297357	0.0605747862272698	0.346113262806731	0.0383360987002574	0.00819999196838473
ENSG00000107951_PAPD1	5751	0.00610675765876428	0.489380419850926	0.00574277448892813	0.460173114016654	0.0385969339847275
ENSG00000119979_FAM45A	4984	0.186194940331302	0.0423042289759977	0.621964600145672	0.141304592505892	0.00823163804113608
ENSG00000120616_EPC1	4714	0.0443501450597668	0.54652125835106	0.0269667701035135	0.332258211968305	0.0499036145173554
ENSG00000127884_ECHS1	3788	0.604338298049351	0.0862820329282998	0.260910622309725	0.0372392621636421	0.0112297845489821
ENSG00000134463_ECHDC3	5742	0.484014939198628	0.0729053856898994	0.37692028792205	0.0567647185659851	0.00939466862343768
ENSG00000138185_ENTPD1	5155	0.0438522307032896	0.00356080726964219	0.876152368545946	0.0711383987370304	0.00529619474409201
ENSG00000148484_RSU1	5385	0.470360041387103	0.057143847991913	0.414928767914812	0.0504023603916364	0.00716498231453543
ENSG00000151640_DPYSL4	6599	0.174520092790486	0.0359160524490119	0.649502312304964	0.133660495076179	0.00640104737935903
ENSG00000151893_C10orf46	4689	0.544944540981822	0.0635146332693672	0.344124729567588	0.0401012730306263	0.00731482315059716
ENSG00000156398_SFXN2	3160	0.0304998039646075	0.456553296486083	0.02700803928749	0.404203137144847	0.0817357231169727
ENSG00000165730_STOX1	5590	0.2139210947949	0.017235809277958	0.703475203328595	0.0566709140152245	0.00869697858332237
ENSG00000165983_PTER	5425	3.14678491379708e-09	3.79348590673317e-10	0.887905907366681	0.107033031419892	0.00506105768729264
ENSG00000166169_POLL	3121	0.0246348844794819	0.27238137692526	0.0537431501994227	0.594168670588969	0.0550719178068661
ENSG00000173915_USMG5	3771	6.25966812816875e-11	9.38725832686534e-10	0.0624374405428819	0.93633656643307	0.00122599202272607
ENSG00000183605_SFXN4	5023	0.528036624267101	0.120311305492914	0.275515927618324	0.0627619702118168	0.0133741724098445
ENSG00000188690_UROS	5146	0.00978151040538734	0.00277043415633139	0.764492635034004	0.216522141612411	0.00643327879186681
ENSG00000197771_C10orf119	5331	0.115316545416001	0.0298739623540986	0.672029593182224	0.174087632724524	0.00869226632315309
ENSG00000205703_C10orf139	5752	0.516247145574504	0.11562814949604	0.291571864551678	0.0652945073883922	0.0112583329893859
ENSG00000014138_POLA2	2913	0.135850855654519	0.465085063513469	0.0792166891422716	0.271149438588297	0.0486979531014438
ENSG00000066336_SPI1	2663	0.102916544689171	0.0278204513675599	0.633785533324856	0.171261003015621	0.0642164676027927
ENSG00000074319_TSG101	5067	0.00560044744491726	0.000467659437738765	0.881184219530225	0.0735431512989018	0.0392045222882178
ENSG00000078124_PHCA	4145	1.93582395111381e-17	0.000929230631151993	2.08117093609192e-14	0.99899975092673	7.10184421001507e-05
ENSG00000099834_MUPCDH	4582	0.425178052536588	0.132736405259149	0.326710333970028	0.101982359362411	0.0133928488718255
ENSG00000110074_FOXRED1	5591	0.0124947503203268	0.00178168922815405	0.85415775367366	0.121788868881288	0.0097769378965718
ENSG00000110076_NRXN2	2753	0.201549266173934	0.556911145459837	0.0513498057518059	0.141838938965183	0.0483508436492403
ENSG00000110080_ST3GAL4	5605	0.548354435347519	0.0777189641202203	0.320303097874679	0.0453887263251882	0.00823477633239329
ENSG00000110315_RNF141	6138	0.418152767734754	0.165325193620253	0.287505757424722	0.113655882938629	0.0153603982816419
ENSG00000110455_ILMN_3829	5239	0.384824720334749	0.076315073456893	0.441959438314252	0.0876362666137169	0.0092645012803892
ENSG00000110768_GTF2H1	5068	0.00502497555179573	0.148724484284867	0.0272636560339644	0.806911887433796	0.0120749966955765
ENSG00000120451_SNX19	5093	0.261464915792824	0.0352965731011068	0.613299074670093	0.0827854285314935	0.00715400790448206
ENSG00000131626_PPFIA1	4973	0.0113227164470166	0.00135510345437354	0.877270634674873	0.104986742864021	0.00506480255971624
ENSG00000134627_PIWIL4	4275	0.599265947653108	0.0817331736106548	0.272791469021416	0.0371966930043483	0.00901271671047206
ENSG00000134809_TIMM10	4876	0.00236930260470317	0.00436153603317201	0.348594209873541	0.641707468448823	0.00296748303976086
ENSG00000149084_HSD17B12	5783	3.04498271073575e-05	6.27473285928171e-06	0.824479292416713	0.169893150782434	0.00559083224088703
ENSG00000149089_APIP	5293	2.92259932004791e-05	7.51602410324908e-06	0.791207332311868	0.203468837453286	0.00528708821754227
ENSG00000159063_ALG8	3884	0.209973147718361	0.0134715396198237	0.72488622951532	0.0465023684958929	0.00516671465060235
ENSG00000165434_PGM2L1	3896	0.631683508804156	0.0550005535165727	0.282818843046997	0.0246191006475333	0.00587799398474052
ENSG00000165526_RPUSD4	5579	0.458560751939905	0.0662454563573637	0.403453758096888	0.0582710182879574	0.013469015317886
ENSG00000166435_XRRA1	3987	0.00109409465849967	8.27542919774039e-05	0.920530585065847	0.0696177109598305	0.00867485502384531
ENSG00000166439_RNF169	4096	0.0118485703968439	0.000957734520971708	0.897318822737445	0.0725140234506211	0.0173608488941182
ENSG00000166788_SAAL1	4887	0.00840734316946991	0.408160583910643	0.010999148612363	0.53394934463754	0.0384835796699834
ENSG00000166796_LDHC	5043	0.0854840314450877	0.00793047896941021	0.823002955509091	0.0763439526304461	0.0072385814459652
ENSG00000168000_BSCL2	4096	0.39722515243254	0.271614418869922	0.178892328609309	0.122292933082759	0.0299751670054692
ENSG00000168002_POLR2G	4022	0.415912078324032	0.283657178742258	0.164840294799728	0.112399928217944	0.023190519916038
ENSG00000168071_CCDC88B	2909	0.0682462659949019	0.187827112036547	0.0938421609592833	0.257879831551506	0.392204629457761
ENSG00000172890_NADSYN1	4920	0.238178659830454	0.0217766190777813	0.673362584031975	0.0615602614552655	0.00512187560452402
ENSG00000173113_ILMN_22312	2939	0.17428659020026	0.480042723099681	0.0768632403227757	0.21164954396383	0.0571579024134537
ENSG00000173715_C11orf80	2663	0.309690309264765	0.365665629947664	0.120738353738616	0.142499936505522	0.0614057705434337
ENSG00000173992_CCS	2433	0.192873394583501	0.240124808428785	0.236236998995938	0.294075229030221	0.036689568961555
ENSG00000175390_EIF3F	6039	0.417367236991157	0.195713805441413	0.250519322580711	0.117455753731185	0.0189438812555336
ENSG00000175567_UCP2	3660	0.312115380641956	0.0446677416058583	0.55603602104373	0.0795683226872636	0.00761253402119252
ENSG00000175575_PAAF1	3630	0.348725048265325	0.055445741267926	0.505163825415753	0.08030845843019	0.0103569266208067
ENSG00000175581_MRPL48	3597	0.457612510007911	0.0788859693990265	0.380706437102593	0.0656112587778909	0.0171838247125783
ENSG00000176148_TCP11L1	4529	0.0637617592208038	0.0138384359289471	0.751022757530672	0.162988687603622	0.00838835971595584
ENSG00000177042_TMEM80	5079	0.430308424632784	0.139371556908469	0.312681320502989	0.10125721661725	0.0163814813385079
ENSG00000177685_EFCAB4A	5443	0.438987909026011	0.14438455159423	0.302942790180671	0.0996248094222248	0.0140599397768636
ENSG00000177697_CD151	5459	0.000251874351985764	8.28754681533204e-05	0.749152663384919	0.246493399890688	0.00401918690425453
ENSG00000179057_IGSF22	4903	0.593499636437028	0.0484762584641838	0.326183138042693	0.0266369995582558	0.00520396749783953
ENSG00000182919_C11orf54	4740	0.15279140506662	0.00947594795247613	0.781612541336255	0.0484670616002484	0.00765304404440099
ENSG00000184524_CEND1	5351	0.368920626507561	0.120993867633907	0.374537262781108	0.122823215119657	0.0127250279577682
ENSG00000185187_SIGIRR	3913	0.558573998491361	0.0901579824218628	0.294382891868237	0.0475062012156391	0.00937892600289949
ENSG00000196655_TRAPPC4	4322	0.000181394865268941	1.60416099782519e-05	0.913887681261767	0.0808143301688066	0.00510055209417936
ENSG00000197345_MRPL21	4421	0.000505808808198072	6.14692864306581e-05	0.883622717586147	0.107375337706663	0.00843466661256206
ENSG00000202477_SNORD25	4054	0.561766058877564	0.0686893453115101	0.322232212160813	0.0393926801401875	0.00791970350992491
ENSG00000205339_IPO7	4847	0.315381108653078	0.0775845781566479	0.479362407780809	0.117914649664708	0.00975725574475615
ENSG00000213931_HBE1	8221	0.487974552996598	0.0626618443455589	0.392521640325098	0.0503980900881282	0.00644387224461774
ENSG00000010626_LRRC23	5003	0.000299516694603313	3.80722589032368e-05	0.880522048316522	0.111917969081619	0.0072223936483523
ENSG00000076067_RBMS2	2560	0.254553075366362	0.0546092667267045	0.561381536503101	0.120424139049749	0.00903198235408251
ENSG00000089127_OAS1	3879	0.00144285437361044	0.000852248340781564	0.621033819656848	0.366815134889419	0.00985594273934143
ENSG00000089163_SIRT4	4606	0.485422660705361	0.08761349053916	0.352460834152602	0.0636044339082781	0.0108985806945988
ENSG00000110906_KCTD10	3675	1.59058470452241e-05	1.18665144318627e-06	0.925362406843217	0.0690308239407854	0.0055896767175096
ENSG00000110931_CAMKK2	4698	0.304746917429001	0.0265549826622016	0.600985099531323	0.0523531728320635	0.0153598275454115
ENSG00000111321_LTBR	4734	0.57411643055349	0.0788486591946514	0.297954212279606	0.0409126084104179	0.00816808956183405
ENSG00000111358_GTF2H3	4461	0.552248503081354	0.108813072660309	0.271692510458635	0.0535195955773411	0.0137263182223607
ENSG00000111364_DDX55	4397	0.282109239165296	0.0554049490236349	0.537038039958843	0.105451789754911	0.0199959820973149
ENSG00000111371_SLC38A1	3524	0.0199699953532221	0.000992175376950618	0.926133118842289	0.046006456283043	0.00689825414449509
ENSG00000111581_NUP107	4878	3.63930097913343e-10	0.537398768299618	2.77445597442962e-10	0.409638137452581	0.0529630936064239
ENSG00000111666_CHPT1	4476	0.0420152763965341	0.00421299839645809	0.862445902151792	0.0864751993587209	0.00485062369649523
ENSG00000111711_GOLT1B	5340	0.58738462433033	0.0510466278209327	0.327869159029486	0.0284882395203448	0.00521134929890572
ENSG00000111725_PRKAB1	4446	0.579843237510821	0.0973328836580495	0.264810896214027	0.0444377634965486	0.0135752191205541
ENSG00000111780_ILMN_16367	4587	0.429004408058154	0.0432612511762546	0.472657125592585	0.0476558152625332	0.00742139991047351
ENSG00000123297_TSFM	3728	0.100189297716567	0.133803307330858	0.305991810138084	0.408602176803367	0.0514134080111245
ENSG00000123427_FAM119B	3732	0.0007399518285424	0.000988195639056251	0.421596046583727	0.563022153013121	0.013653652935553
ENSG00000127337_YEATS4	5135	0.0938587048967815	0.0200436565129077	0.720675107403625	0.153889635099855	0.0115328960868307
ENSG00000134545_KLRC1	5633	0.51809551606933	0.115532564869078	0.290688005878712	0.0648110177679876	0.0108728954148929
ENSG00000135426_KIAA0748	4191	0.554213387652443	0.0410366799148464	0.372123357850089	0.0275487623965757	0.00507781218604585
ENSG00000136026_CKAP4	4425	0.463649502099193	0.225011006045388	0.194783428631287	0.0945071483318664	0.0220489148922653
ENSG00000136048_ILMN_20048	4376	0.628389156018598	0.0560237597130703	0.284583386444386	0.025366269626195	0.00563742819775088
ENSG00000139187_KLRG1	5233	0.157468314469704	0.0591152134080094	0.341336299225318	0.127826879356273	0.314253293540696
ENSG00000139190_VAMP1	4671	0.151945447804668	0.0207137493687378	0.723047959408742	0.0985627655840013	0.00573007783385135
ENSG00000139192_TAPBPL	4685	0.0327855854487832	0.00446724293613855	0.840720590767241	0.114546005933303	0.00748057491453454
ENSG00000139197_PEX5	4768	0.0559672923516743	0.00837044501463595	0.793589440700122	0.118665500046299	0.0234073218872692
ENSG00000150045_KLRF1	5450	0.426988439639766	0.205162804280578	0.233556337092367	0.112198914436076	0.0220935045512125
ENSG00000155957_TMBIM4	3866	0.644410176074492	0.0317107728745393	0.305281397302128	0.0150190100926687	0.00357864365617264
ENSG00000157895_C12orf43	4518	0.443448584234886	0.0393620586082801	0.467147689972592	0.0414570901485919	0.00858457703564966
ENSG00000165714_LOH12CR1	5028	0.488300347387776	0.055967598524966	0.393387034167766	0.0450716308294116	0.0172733890900809
ENSG00000166888_STAT6	2833	0.0968806944887396	0.127448145689705	0.323281927736015	0.425255554916039	0.0271336771695011
ENSG00000166896_XRCC6BP1	3776	0.150845722244797	0.202070908910798	0.266095242857974	0.35643306787594	0.0245550581104924
ENSG00000171840_NINJ2	4180	0.642540384210812	0.0681625248396833	0.255186713050085	0.0270638911452791	0.00704648675414007
ENSG00000176422_SPRYD4	2684	0.00319368134588177	0.000593310117399972	0.836269801575111	0.155354471989851	0.00458873497175588
ENSG00000177627_C12orf54	4568	0.379869723936893	0.0749537629052675	0.446909332028521	0.0881715466555609	0.0100956344737575
ENSG00000184752_NDUFA12	6520	0.267976929472325	0.0535744573309999	0.557806030044802	0.111508508187953	0.00913407496392024
ENSG00000185163_DDX51	5709	0.517360968717067	0.0638598942599065	0.366234292347504	0.0451983891871892	0.0073464554883333
ENSG00000185480_C12orf48	4306	0.507192794169979	0.0348837805232933	0.423901446171536	0.0291502842571182	0.00487169487807354
ENSG00000186081_KRT5	4834	0.453690675683987	0.187097159658866	0.241166484616531	0.0994358570527996	0.0186098229878161
ENSG00000186611_ILMN_34849	5138	0.391151514583762	0.189280616801677	0.270576718487882	0.130915658005139	0.0180754921215394
ENSG00000032742_IFT88	5336	0.338078406480908	0.0644908705135244	0.494950903856465	0.0944073472628899	0.00807247188621206
ENSG00000102796_DHRS12	3464	0.315784928109948	0.0215193155943422	0.612039217885878	0.0416987486693053	0.00895778974052633
ENSG00000122034_GTF3A	5786	0.074323791761977	0.43130447221596	0.0672040950554623	0.38995131980565	0.0372163211609504
ENSG00000136111_TBC1D4	5585	0.0271770415358809	0.003874356529554	0.84340981682785	0.120231117868732	0.00530766723798337
ENSG00000139617_ILMN_28859	4415	0.00150692784015165	0.000209458014115694	0.871265389349722	0.121097102764344	0.00592112203166719
ENSG00000151287_C13orf27	5352	0.489409834743807	0.0662062258856996	0.382933559492009	0.0517927049650085	0.00965767491347572
ENSG00000169062_UPF3A	2698	0.684743385600656	0.0700514639325532	0.216052254374858	0.022095787582149	0.0070571085097837
ENSG00000174032_SLC25A30	4106	0.584369077444531	0.0562758175914823	0.322173639556707	0.0310197526832995	0.00616171272397955
ENSG00000089916_C14orf118	4530	0.0515317513430466	0.00703023921395955	0.806128404215036	0.109951022407458	0.0253585828204994
ENSG00000092020_PPP2R3C	5013	0.233553541004197	0.0459604583834914	0.557376187142401	0.109631285586428	0.0534785278834837
ENSG00000092094_OSGEP	5680	0.0719196354013817	0.00945120934128706	0.80554573049519	0.105852334108752	0.00723109065338908
ENSG00000092203_TOX4	6668	0.408675752408427	0.0560922251966387	0.464852408475268	0.0637960909095456	0.00658352301012092
ENSG00000100439_ABHD4	5986	0.497613813056496	0.0894433963356583	0.342324212945786	0.0615218323616172	0.00909674530044239
ENSG00000100445_C14orf124	5435	0.276404360990609	0.0210311163661827	0.648062057235694	0.0493046918728691	0.00519777353464493
ENSG00000100490_CDKL1	4198	0.0741486102033717	0.00741933206327173	0.830042387464683	0.0830489482565738	0.00534072201209996
ENSG00000100744_C14orf129	5776	0.129000283095051	0.0210012182634405	0.721551098211777	0.117457373128191	0.0109900273015403
ENSG00000100814_CCNB1IP1	5447	0.383204262774762	0.0492805613178881	0.496646502454162	0.0638623730229748	0.00700630043021387
ENSG00000100908_C14orf122	5072	0.518682885383172	0.0449147326356079	0.397071030933902	0.0343789451436876	0.00495240590363057
ENSG00000100931_CHMP4A	5142	0.595719910058025	0.0482637922628923	0.324745315545096	0.0263051174197092	0.00496586471427731
ENSG00000119599_WDR21A	5251	0.405410998638065	0.0364061034831679	0.505406210984782	0.0453783234841972	0.00739836340978819
ENSG00000119632_FAM14A	6092	0.50814638088378	0.108602127779614	0.307139395261066	0.0656320062194674	0.0104800898560723
ENSG00000119684_MLH3	3623	0.00107217550008442	0.000120707513113604	0.893809288171709	0.100622337546432	0.00437549126866168
ENSG00000119718_EIF2B2	3665	0.00580563859510255	0.000656481961123548	0.888659189507426	0.100482176658953	0.00439651327739517
ENSG00000125375_ATP5S	4206	0.589365366773689	0.0592370182100437	0.313261510784948	0.0314792071611743	0.00665689707014466
ENSG00000129514_FOXA1	4329	0.6558110622931	0.0534651701515245	0.264068482004201	0.0215231206105508	0.00513216494062375
ENSG00000134007_ADAM20	4780	0.590514743439817	0.073685606432432	0.292016799943305	0.0364310864485585	0.00735176373588732
ENSG00000139998_RAB15	4446	0.551017324208906	0.0501456483709639	0.35846139786616	0.0326142241878596	0.00776140536611033
ENSG00000140092_FBLN5	5089	0.509944986667499	0.0376047349991225	0.416722991408137	0.0307252886598571	0.00500199826538474
ENSG00000140104_C14orf79	4897	0.492228841942958	0.140925804074835	0.272922564335375	0.0781223103988339	0.0158004792479978
ENSG00000155465_SLC7A7	5882	0.476891506589364	0.0852877487692983	0.364258335299691	0.0651358944866794	0.00842651485496654
ENSG00000157326_DHRS4	4913	0.555781453646273	0.0496013541722254	0.357021128167712	0.0318570215967403	0.00573904241704927
ENSG00000165501_PPIL5	4036	0.550225454354406	0.0509788139669482	0.35599692334369	0.0329735650821507	0.00982524325280427
ENSG00000165819_METTL3	6626	0.448074319827129	0.0614890269456199	0.423751841613818	0.0581427226773658	0.00854208893606723
ENSG00000166166_C14orf172	4783	0.442675277548823	0.0585353767552065	0.432931365485307	0.0572383102425194	0.00861966996814375
ENSG00000177465_ACOT4	4917	0.522734070390719	0.0441985328070848	0.393659384256141	0.033278801302003	0.00612921124405305
ENSG00000182512_GLRX5	6493	0.285723668340553	0.0585202565060075	0.537135346305534	0.110004314704947	0.00861641414295768
ENSG00000183648_NDUFB1	5353	0.304106763287514	0.128748082369566	0.389197988926287	0.164759519789941	0.0131876456266917
ENSG00000184990_SIVA1	4730	0.315119389527063	0.0891836579374382	0.456661455707455	0.129232447388243	0.0098030494398011
ENSG00000187630_DHRS4L2	4973	0.577784784177572	0.0519603845113203	0.334490137628458	0.0300751236364809	0.00568957004616878
ENSG00000197195_CHURC1	4473	5.45597139856688e-09	4.95137287562954e-10	0.9118506026509	0.082746356656999	0.00540303474099178
ENSG00000198805_NP	5692	0.522137092756591	0.0686876372606819	0.355354037990902	0.0467400846818303	0.00708114730999519
ENSG00000198894_KIAA1737	5953	0.317721578567278	0.0302833992065733	0.589396423659826	0.0561714606502045	0.00642713791611845
ENSG00000205659_LIN52	4238	0.000349539391538551	2.40948363465236e-05	0.92897187769511	0.0640302938339722	0.0066241942430326
ENSG00000051180_RAD51	3631	0.000441518731797552	0.000230560523613829	0.654141183408646	0.34158810042881	0.00359863690713293
ENSG00000064726_BTBD1	2439	0.681377687770108	0.0524126169403938	0.240872625225452	0.0185214762242923	0.00681559383975364
ENSG00000074696_PTPLAD1	3760	0.0823892305969865	0.00666140688033768	0.836830336173249	0.0676536805089949	0.00646534584043147
ENSG00000103657_HERC1	4225	0.535982882032528	0.0975337795455376	0.299907348472398	0.054562672162968	0.0120133177865691
ENSG00000103671_TRIP4	3482	0.500633589819729	0.0722145516638406	0.364187281202582	0.0525222317868412	0.0104423455270077
ENSG00000103811_CTSH	5399	0.285532166262468	0.0186798205455231	0.648531350996822	0.0424227826420489	0.00483387955313805
ENSG00000103932_RPAP1	3731	0.113104397012739	0.0549283401486785	0.546520825567584	0.265393871189081	0.0200525660819174
ENSG00000104047_DTWD1	4151	0.141066952389749	0.0109772131969568	0.780234516074944	0.0607074233384328	0.00701389499991698
ENSG00000104055_TGM5	2116	0.137345359044411	0.00429025977104683	0.827747439504153	0.025851598242487	0.00476534343790211
ENSG00000136371_MTHFS	5523	0.419147119233174	0.0735224828066684	0.424395988010836	0.0744346857349405	0.00849972421438081
ENSG00000137806_NDUFAF1	3786	0.089815592525585	0.0435956811417846	0.422726643593573	0.204948799072543	0.238913283666514
ENSG00000140264_SERF2	2015	0.678098250890743	0.0207574022711231	0.288623300533938	0.00883141641282795	0.00368962989136845
ENSG00000140400_MAN2C1	2891	0.335011467766307	0.0214319185538685	0.600356760451652	0.0384022374599373	0.00479761576823526
ENSG00000140471_LINS1	6703	0.417989471841774	0.0402156639585015	0.487899490902147	0.0469348964201118	0.00696047687746565
ENSG00000166140_ZFYVE19	3458	0.137922749899672	0.0717599536204661	0.513865479588742	0.267350438721418	0.00910137816970165
ENSG00000166762_CATSPER2	1929	0.434910235803442	0.0127552653103554	0.532257951104987	0.0156058571908592	0.00447069059035613
ENSG00000166938_DIS3L	4904	1.83841914209561e-09	0.152399555929332	1.00495243946934e-08	0.833061564390397	0.0145388677923278
ENSG00000168803_ADAL	2074	0.674492763149117	0.0207315329412331	0.29142260745533	0.0089529047882608	0.00440019166605927
ENSG00000168970_PLA2G4B	3458	0.118153390400814	0.0574710891908759	0.534320805735705	0.25986924338815	0.0301854712844553
ENSG00000169118_CSNK1G1	3492	0.592073567382878	0.0861491804890341	0.272649749593135	0.0396622136746417	0.00946528886031173
ENSG00000171763_SPATA5L1	3607	0.365010937830951	0.018519837902832	0.582400491154055	0.0295451736490577	0.00452355946310431
ENSG00000172345_STARD5	4213	0.607849483516505	0.0860603780907942	0.260662169164971	0.0368964679115768	0.00853150131615333
ENSG00000188659_ILMN_4387	2560	0.742971476773551	0.0305044395381147	0.214423661462938	0.00880036713957142	0.00330005508582561
ENSG00000047578_KIAA0556	4344	1.89894540403181e-05	0.657859190140825	8.27090042805284e-06	0.286476447800885	0.0556371017038223
ENSG00000063854_HAGH	5471	0.128395945635203	0.0114011583940637	0.783714508550093	0.0695844932757641	0.00690389414487657
ENSG00000070761_C16orf80	5587	0.558160137519254	0.0476059346524437	0.358492555148562	0.0305709528225542	0.00517041985718562
ENSG00000086504_MRPL28	4268	0.519155457883452	0.0470996561684318	0.392066605669831	0.0355635822815132	0.00611469799677152
ENSG00000090857_ILMN_138245	2627	0.10362633557425	0.635483071610255	0.028457378707657	0.174455405598361	0.0579778085094772
ENSG00000090857_ILMN_8209	2627	0.0978522982519538	0.600074090362085	0.0350451467159781	0.214860357330217	0.0521681073397661
ENSG00000103042_ILMN_16502	5256	0.435520707932766	0.0327349756222719	0.49027456453399	0.0368458073343828	0.00462394457658876
ENSG00000103111_MON1B	8139	0.0474385301653022	0.0113091259516641	0.684956434039383	0.163197343970222	0.0930985658734286
ENSG00000103126_AXIN1	4022	0.595243809600452	0.0520635722199223	0.319040048639911	0.0278993914794894	0.00575317806022571
ENSG00000103174_NAGPA	6771	0.271558782263829	0.167612503548285	0.336413805010031	0.207625768451662	0.0167891407261926
ENSG00000103202_DECR2	4340	0.394764769875994	0.0366444719208632	0.515325116274315	0.0478301825958485	0.00543545933297963
ENSG00000103248_MTHFSD	7318	0.0588924709181631	0.473576831926301	0.0466452289140147	0.375046246220829	0.0458392220206925
ENSG00000103275_UBE2I	6397	0.0689232602899616	0.00842846283451545	0.817166503785185	0.0999238051787051	0.00555796791163342
ENSG00000103540_ILMN_12815	4645	0.287617212404443	0.0358636388540599	0.594466957510327	0.0741174908838582	0.00793470034731226
ENSG00000118894_FAM86B1	6953	0.189088970428863	0.0561174322215337	0.576269492005749	0.171016556338086	0.00750754900576788
ENSG00000125124_BBS2	5417	6.20023200563198e-05	8.50096214945983e-06	0.870942627624152	0.1194028880855	0.00958398100814248
ENSG00000125170_DOK4	5508	0.527401003993037	0.0515767192783419	0.377882578479153	0.0369485046124647	0.00619119363700387
ENSG00000127561_SYNGR3	5115	0.0839603044462835	0.00720627349061658	0.831237330719692	0.071338451985994	0.00625763935741363
ENSG00000127586_CHTF18	5329	0.420361601682211	0.0455806915974256	0.476330369264285	0.0516434187309886	0.00608391872508973
ENSG00000129925_TMEM8	4286	0.196121717782097	0.0178672605551025	0.714481335748489	0.0650848889520085	0.00644479696230343
ENSG00000130731_C16orf13	5097	0.558725250561307	0.0576097120266228	0.342083000793141	0.0352655871294116	0.00631644948951736
ENSG00000131148_COX4NB	7908	0.0576643773672233	0.464142891633201	0.0485024749094516	0.390359039209914	0.0393312168802105
ENSG00000132603_NIP7	3409	0.00280834535183356	0.13058252673942	0.0178677531303367	0.830797379124131	0.0179439956542784
ENSG00000135698_MPHOSPH6	8516	0.113859603307855	0.0475943403196862	0.584172280708226	0.244179083380113	0.0101946922841195
ENSG00000140829_DHX38	3419	0.0857729802095769	0.00593297040227222	0.813365966903425	0.0562223241844922	0.0387057583002335
ENSG00000141076_CIRH1A	3616	0.0136386822415529	0.634070899390157	0.00626988939466457	0.291436509998852	0.0545840189747729
ENSG00000153406_NMRAL1	5390	0.375496663239085	0.225301835648835	0.236564255492957	0.141920254072495	0.0207169915466266
ENSG00000155393_HEATR3	3992	7.84133202995369e-19	0.295458264478983	1.79874422912612e-18	0.677732844888912	0.026808890632106
ENSG00000159461_AMFR	5557	0.000121194700422324	1.66429466413626e-05	0.871505765181042	0.11967001158557	0.00868638558632475
ENSG00000161981_C16orf33	3236	0.265480767897821	0.0189282575444916	0.660495198985361	0.0470839991903293	0.00801177638199689
ENSG00000162076_FLYWCH2	3845	0.459956111104548	0.028043927907035	0.478387387670638	0.0291632496971687	0.00444932362061053
ENSG00000166451_CENPN	7482	0.00879786240861168	0.00366543832799261	0.693245871603746	0.288820368191036	0.00547045946861333
ENSG00000166501_PRKCB1	4991	0.0595295207836739	0.085084853287158	0.0559597639447727	0.0792624778759699	0.720163384108426
ENSG00000167515_TRAPPC2L	6802	0.439278326738853	0.0818667739185189	0.395758744177213	0.0737468313563592	0.00934932380905504
ENSG00000167526_RPL13	5022	0.379298552806101	0.0466722721536347	0.504566450050723	0.0620789661682745	0.00738375882126716
ENSG00000168748_CA7	3026	0.627078093425885	0.130373651309597	0.190588516567383	0.0396122559966204	0.0123474827005153
ENSG00000168807_SNTB2	3581	0.00924564885094934	0.429833925499154	0.0110006992907479	0.511388393440717	0.0385313329184315
ENSG00000169682_SPNS1	2428	4.376488111542e-07	0.0255529948236651	7.95862458318475e-06	0.46416982995428	0.510268778948662
ENSG00000171490_RSL1D1	7028	0.0223041151817517	0.52966836431706	0.0161636204347065	0.383798517516076	0.0480653825504065
ENSG00000174177_ILMN_138331	6808	0.204364678597812	0.0356026258187534	0.545524997135211	0.0949170001697747	0.119590698278449
ENSG00000175643_C16orf75	6200	0.00426218711385618	0.101315856729276	0.0121420690580146	0.288033187107294	0.594246699991559
ENSG00000178952_TUFM	2684	3.64268228329574e-06	0.212685227198389	3.37756607145406e-06	0.196615198989312	0.590692553563945
ENSG00000180185_FAHD1	5391	2.73349307690766e-05	2.45438618992749e-06	0.907324997802003	0.0814569509184187	0.0111882619626192
ENSG00000182108_ILMN_32084	6868	0.0134730119416824	0.320243331644298	0.0255017158267081	0.606121890121141	0.0346600504661703
ENSG00000186153_WWOX	10073	0.173329535643714	0.0679557543808204	0.538806223783826	0.211236244941097	0.00867224125054246
ENSG00000187741_FANCA	4394	9.13377037433676e-08	8.13387968991122e-09	0.913723038720647	0.0813646971232384	0.00491216468453087
ENSG00000197912_SPG7	5257	0.00275723512924699	0.000358437351980474	0.875739184940235	0.113837765589727	0.00730737698881133
ENSG00000002919_SNX11	4304	0.074158440164918	0.0223128911895498	0.671694888629151	0.202070698163408	0.0297630818529728
ENSG00000005156_LIG3	4720	0.000170846410931618	0.346938574951774	0.000307744427634055	0.624910320567421	0.0276725136422395
ENSG00000006282_SPATA20	3882	0.00984635735937979	0.00110110922823925	0.885629380671038	0.0990347433490872	0.0043884093922558
ENSG00000007312_CD79B	2565	0.0677147122138824	0.00648114043300903	0.840369177272295	0.080428779546761	0.00500619053405273
ENSG00000011052_NME1	4114	0.597000641026121	0.0638818556455273	0.299792881691544	0.0320719852667227	0.00725263637008416
ENSG00000011295_TTC19	4149	0.119195989686733	0.00662202019214977	0.822393092477829	0.0456825420509978	0.00610635559229043
ENSG00000012048_BRCA1	3110	3.257321754362e-11	4.15739146702155e-05	7.83465284622885e-07	0.999953987576278	3.65501119230589e-06
ENSG00000035862_TIMP2	5894	0.391951438393833	0.208783867837673	0.246418681527701	0.131240179166725	0.0216058330740688
ENSG00000055483_USP36	5969	2.55509276498719e-05	1.3762186913949e-05	0.563985219762223	0.303640197666789	0.132335269456424
ENSG00000068097_HEATR6	2122	0.455500891201123	0.228689765124911	0.193260787271933	0.0970033847444403	0.0255451716575921
ENSG00000073584_SMARCE1	4167	7.02913541009208e-14	0.0632482572219002	1.03388713848824e-12	0.930286605894768	0.00646513688222814
ENSG00000091640_SPAG7	5877	0.40230927774206	0.214209310681072	0.235970739758444	0.125620575292918	0.0218900965255044
ENSG00000108262_GIT1	2257	0.67814132494159	0.038025596867947	0.264315656885856	0.014816340263835	0.00470108104077203
ENSG00000108278_ZNHIT3	3560	0.254075062155044	0.0266326360115734	0.63857774303352	0.0669231541225685	0.0137914046772941
ENSG00000108352_RAPGEFL1	3652	2.08074888641028e-13	0.187226071350104	8.18606130794047e-13	0.736506656562088	0.076267272086783
ENSG00000108384_RAD51C	3077	0.0615041811114955	0.0141800049742164	0.677290889834631	0.156060829381526	0.0909640946981318
ENSG00000108395_TRIM37	2683	0.383372418197585	0.24387410061283	0.195975506556956	0.124613429888002	0.0521645447446272
ENSG00000108433_GOSR2	2598	0.19031787461327	0.0276669662542692	0.66649229246469	0.096870932408889	0.0186519342588815
ENSG00000108559_NUP88	6197	0.250968748429339	0.132279243541829	0.394468851007003	0.207900114434026	0.0143830425878035
ENSG00000108592_FTSJ3	2615	0.0306358297393506	0.0012902128328613	0.923365510407619	0.0388812550605965	0.00582719195957284
ENSG00000108639_SYNGR2	6181	0.326402033112664	0.176585323068153	0.311886649534424	0.168716009490271	0.0164099847944883
ENSG00000108651_UTP6	3409	0.422242738697824	0.0181737056983084	0.531744195297714	0.0228817889051093	0.0049575714010441
ENSG00000108666_C17orf75	4082	0.112272373693145	0.00775817756315835	0.818928264668415	0.0565846283615727	0.00445655571370884
ENSG00000108771_DHX58	3456	2.72024866395442e-07	0.347191725026304	4.84057074570087e-07	0.617778382402382	0.035029136489373
ENSG00000108826_MRPL27	3785	0.0213957888972435	0.00240589606844959	0.852148263807447	0.0957934102990843	0.0282566409277762
ENSG00000108960_MMD	4825	0.510485325151131	0.0912569276262075	0.325266689069444	0.0581314518372866	0.0148596063159309
ENSG00000125319_C17orf53	3776	0.334717667790509	0.0293175573564061	0.536482298877115	0.0469373573620354	0.0525451186139341
ENSG00000125445_MRPS7	4500	0.542665638193632	0.0717914151241878	0.332251115547388	0.0439454871352965	0.00934634399949533
ENSG00000126581_BECN1	2994	5.11528951768539e-07	0.652876402046991	1.9899367211451e-07	0.253887056449771	0.0932358309806139
ENSG00000132141_CCT6B	4706	0.000160731518727028	0.326398181182306	0.000168818535434899	0.342489738000696	0.330782530762837
ENSG00000132507_EIF5A	4861	6.26251027802134e-06	1.58150998141925e-05	0.282713986752009	0.713951590858031	0.00331234477986752
ENSG00000141560_ILMN_14939	4034	0.19010962709818	0.0272884397458787	0.660006870265276	0.0947098615714869	0.0278852013191782
ENSG00000141696_ILMN_21605	4247	4.56160469958834e-07	0.582208332625267	2.77280531741433e-07	0.353835706593852	0.0639552273398794
ENSG00000141698_NT5C3L	4199	2.91965125719495e-10	0.000372641954168738	7.83179353951407e-07	0.999590185908817	3.63886656941805e-05
ENSG00000141720_PIP4K2B	3464	1.6722162912434e-09	0.576752925121739	1.09045500118262e-09	0.37605434086765	0.0471927312479391
ENSG00000159199_ATP5G1	3957	1.40219746605021e-05	3.46949769966557e-06	0.798042585392125	0.197457500021661	0.00448242311385337
ENSG00000161326_DUSP14	3607	0.386350223267439	0.0501696904652267	0.481741480361799	0.0625375661068881	0.019201039798647
ENSG00000161664_ASB16	3759	0.636497498789872	0.055747818076321	0.27781940115995	0.0243272848475169	0.00560799712634049
ENSG00000166260_COX11	4629	0.0765878548074628	0.0146110833545638	0.758159222718197	0.144632166014347	0.00600967310542911
ENSG00000166750_SLFN5	4663	3.71238885075633e-08	7.46205321365567e-05	0.000497212297747995	0.999417014804242	1.11152419841077e-05
ENSG00000167083_GNGT2	4041	0.353770530565694	0.0760251021109971	0.460680742855699	0.0989895167449327	0.0105341077226766
ENSG00000167720_SRR	5412	0.161274901042841	0.0314049491909394	0.665003599191359	0.129482854159246	0.0128336964156142
ENSG00000167895_TMC8	6082	0.386774672490258	0.208676194288523	0.24481261454696	0.132055851039756	0.0276806676345033
ENSG00000168646_AXIN2	4717	0.441535105751577	0.0769385924507584	0.401697669810408	0.069986978312326	0.00984165367493075
ENSG00000170291_C17orf81	4920	7.641554703563e-05	0.000193001278417032	0.283116525747899	0.715060413849183	0.00155364357746521
ENSG00000172057_ORMDL3	3297	2.19633248539643e-14	0.0197626299504661	4.92329100016185e-13	0.442460625462703	0.537776744586317
ENSG00000172301_C17orf79	3413	0.192964152053622	0.00831051189014431	0.760647742594466	0.0327539844892804	0.0053236089724873
ENSG00000176974_SHMT1	2893	0.0863679710747896	0.00981635202061511	0.764425878052753	0.0868300359407174	0.052559762911125
ENSG00000177370_TIMM22	6086	0.000230820965746472	3.92375039146931e-05	0.849451839290365	0.144393345884193	0.00588475635577995
ENSG00000177602_GSG2	5860	0.213483653655133	0.105866712090038	0.447363986046347	0.221836704295625	0.011448943912857
ENSG00000181031_RPH3AL	3392	0.528863514856386	0.0436359338046969	0.387504675740965	0.0319645436418251	0.00803133195612628
ENSG00000182534_MXRA7	5690	0.404566594391317	0.119681747230462	0.357579471562827	0.105769281800743	0.0124029050146515
ENSG00000185262_FAM100B	5525	0.368702732107494	0.106088326430623	0.396403671469387	0.114044068405569	0.014761201586928
ENSG00000185504_C17orf70	6245	0.402740332816275	0.0418753951098488	0.49794473160659	0.0517687125149889	0.00567082795229771
ENSG00000187607_ZNF286A	4524	0.452389857124443	0.0329332053418949	0.475133883599902	0.03458397236121	0.00495908157254941
ENSG00000187624_ILMN_7731	4221	6.89634660909903e-09	6.43391916521304e-10	0.910737008057923	0.0849625468331501	0.00430043756918792
ENSG00000205309_NT5M	3962	0.570986887701507	0.0965183938860115	0.275775218313919	0.0466063358620648	0.0101131642364976
ENSG00000213246_SUPT4H1	3434	0.507724396159102	0.120833478276627	0.268649489498227	0.0638970754087951	0.0388955606572491
ENSG00000214087_ARL16	6285	0.0257917849161206	0.00289192071189881	0.866610678035943	0.0971617438334597	0.00754387250257781
ENSG00000066926_FECH	5330	0.508668098816678	0.106499116604789	0.309545263272755	0.0647985626890785	0.0104889586166999
ENSG00000082212_ME2	4533	0.332653987714642	0.0999337361142822	0.299480587533548	0.0897898582875411	0.178141830349986
ENSG00000091164_TXNL1	4287	0.591315311485977	0.0433491680599852	0.335305871405504	0.0245757302459197	0.00545391880261346
ENSG00000101557_USP14	3605	0.50704797611387	0.0318525991105901	0.423266052671138	0.0265781890667663	0.0112551830376358
ENSG00000101752_MIB1	2426	0.435882897761335	0.016384876590673	0.522598826967739	0.0196390416646416	0.00549435701561143
ENSG00000132199_ENOSF1	4944	0.162684104700988	0.012778936973381	0.75720764886994	0.0594712707825225	0.00785803867316863
ENSG00000141428_C18orf21	3966	0.430335071537371	0.0308370873196304	0.496619306852818	0.0355802758610152	0.00662825842916518
ENSG00000154889_MPPE1	5845	1.73766908412466e-06	0.508901695656364	1.52003500096623e-06	0.445118408523518	0.0459766381160334
ENSG00000158270_COLEC12	3888	0.651157463448619	0.0450266648004034	0.279883180026578	0.019348962590653	0.00458372913374614
ENSG00000166401_SERPINB8	5415	0.232732013003463	0.0276960000452545	0.650106370011821	0.0773530329363933	0.0121125840030681
ENSG00000167220_HDHD2	4314	0.0228242329274273	0.574871284303132	0.0134574293821989	0.338900753027061	0.0499463003601811
ENSG00000168461_RAB31	6436	0.491832008437814	0.085899118302024	0.352302567770707	0.0615216701759701	0.00844463531348495
ENSG00000172466_ZNF24	3830	0.665336160471539	0.0463498081565133	0.264926812557347	0.0184508573667135	0.00493636144788748
ENSG00000176014_TUBB6	5621	1.30932180845905e-06	0.383862811154405	1.98616608957969e-06	0.582263998849389	0.0338698945083075
ENSG00000177150_C18orf19	5368	1.18609446677815e-06	0.347735353428781	2.08435376254489e-06	0.611042900530526	0.0412184755924638
ENSG00000197563_PIGN	4978	0.0712429507142937	0.0171664981186844	0.717879399791182	0.17295741803524	0.0207537333406009
ENSG00000198795_ZNF521	4480	0.510242657555346	0.165533829930535	0.233504284230996	0.0757388946150418	0.014980333668081
ENSG00000215429_ILMN_33941	5415	1.1012017990081e-05	1.30516963072195e-06	0.882920684159419	0.10463335101591	0.0124336476370514
ENSG00000064666_CNN2	6025	5.44847935383653e-06	0.550072388258209	3.76519754480524e-06	0.380060279343686	0.0698581187212056
ENSG00000065000_AP3D1	5845	5.61996236296769e-06	0.56738387695221	3.80893922940141e-06	0.384497296331899	0.0481093978142982
ENSG00000065268_WDR18	5860	1.22749554714115e-08	0.00123926577312756	9.89157363925259e-06	0.998642100771377	0.000108729606900183
ENSG00000073050_XRCC1	6108	0.000415639363883206	0.000444173962302318	0.481794868330036	0.514868717705223	0.00247660063855567
ENSG00000076924_XAB2	6423	0.39095454419852	0.0887213066786686	0.415533401025963	0.0942886097526136	0.0105021383442339
ENSG00000083828_ZNF586	4593	0.361923692892645	0.0308689295123706	0.554528550260872	0.0472910536219535	0.00538777371215824
ENSG00000095932_ILMN_32047	6059	0.535648995661096	0.0744450397395538	0.335772402214056	0.0466585133664362	0.00747504901885787
ENSG00000104946_TBC1D17	4710	0.599073488975801	0.0579853391555476	0.30741360887054	0.0297493063856144	0.00577825661249685
ENSG00000104953_TLE6	6376	0.508690801686709	0.0708650442065557	0.362697816177248	0.0505197274681217	0.00722661046136546
ENSG00000105053_VRK3	4779	0.328624636022237	0.0313574043152844	0.577615298118145	0.0551088309402687	0.00729383060406437
ENSG00000105132_ZNF550	5281	0.34026723795758	0.0312343760333144	0.569621736231143	0.0522810698826578	0.00659557989530465
ENSG00000105198_LGALS13	4967	0.61461695969386	0.0587401669808776	0.293015089435398	0.0279984063228556	0.00562937756700822
ENSG00000105404_RABAC1	3611	0.253177780434604	0.17842455115921	0.320468703751839	0.225825063766597	0.0221039008877496
ENSG00000105697_HAMP	4938	0.538635190848996	0.081615796230268	0.322522917932954	0.0488613808888894	0.00836471409889202
ENSG00000105698_USF2	4958	0.389678052949829	0.0595383632742417	0.429814510330718	0.0656154026442983	0.0553536708009132
ENSG00000118046_STK11	6467	5.6836057664064e-06	0.57381053158017	3.73818956715195e-06	0.377354645359013	0.0488254012654828
ENSG00000121289_CCDC123	5715	1.37368550097136e-06	0.0122173091777363	0.000110938208620511	0.986663257284281	0.00100712164386066
ENSG00000121406_ZNF549	5316	0.577712673643286	0.052969142766523	0.333347649251224	0.0305584651480423	0.00541206919092443
ENSG00000125656_CLPP	5911	0.491317117786328	0.116480504341754	0.308163658722497	0.0730478484987671	0.0109908706506535
ENSG00000125753_VASP	5149	0.000392885052197061	0.000194400963238025	0.665314807519316	0.329195301666152	0.00490260479909726
ENSG00000125910_EDG6	6258	0.476169773423342	0.0688389595009704	0.390740292116322	0.0564808115266925	0.00777016343267279
ENSG00000126246_TMEM149	4702	0.0158666355160887	0.0018656736622186	0.87330653015354	0.102681211087752	0.00627994958040094
ENSG00000129933_KIAA0892	4157	0.0335576323943762	0.138502904979506	0.156258178635461	0.6448998753195	0.0267814086711568
ENSG00000130312_MRPL34	5527	0.364330653494128	0.0714521686134906	0.463800105997329	0.0909505530646168	0.00946651883043554
ENSG00000141934_PPAP2C	4185	6.3573794090665e-06	0.641833729479593	2.88435632059065e-06	0.291134281323294	0.0670227474613839
ENSG00000141994_DUS3L	5762	0.0665932434847848	0.00795109284952172	0.81909726418238	0.0977899176632698	0.00856848182004366
ENSG00000142046_BCKDHA	3860	0.389640104689082	0.27078008761373	0.183994879967946	0.127839353111114	0.0277455746181278
